              t                       Ixx                      Iyy                      Izz           
    0.000000000000000e+00     7.267275383921111e+44     7.267273784696646e+44     7.254136635325002e+44
    9.998782118200636e-03     7.257774523082236e+44     7.257774706582141e+44     7.244402886041041e+44
    1.994087979362386e-02     7.257438435185547e+44     7.257438619389546e+44     7.243812268414765e+44
    2.997526267942815e-02     7.257743530328967e+44     7.257743716321823e+44     7.243691599736298e+44
    3.991695231018962e-02     7.258652827623635e+44     7.258653013555881e+44     7.244045612767197e+44
    4.995060288103594e-02     7.260177024414832e+44     7.260177210883831e+44     7.244882757024496e+44
    5.998459568584772e-02     7.262305518802980e+44     7.262305705911246e+44     7.246201589500767e+44
    6.992656653422683e-02     7.265005143035009e+44     7.265005330416831e+44     7.247981720721740e+44
    7.996026051653672e-02     7.268319471580190e+44     7.268319659165156e+44     7.250253876188901e+44
    8.999349449957378e-02     7.272218655136532e+44     7.272218842912929e+44     7.253000724854147e+44
    9.993427397587162e-02     7.276650321724282e+44     7.276650509358102e+44     7.256186813277806e+44
    1.099667404592241e-01     7.281687768104093e+44     7.281687956328357e+44     7.259867336753038e+44
    1.199989096960757e-01     7.287283516918535e+44     7.287283706185917e+44     7.264011067127647e+44
    1.299388188585431e-01     7.293369165214989e+44     7.293369354389911e+44     7.268569553048304e+44
    1.399705967049036e-01     7.300047525843030e+44     7.300047713588297e+44     7.273622800720221e+44
    1.499102239012920e-01     7.307185861226922e+44     7.307186050210148e+44     7.279073415474996e+44
    1.599417991798125e-01     7.314905691064391e+44     7.314905880345952e+44     7.285017216394443e+44
    1.699732758173186e-01     7.323132084095537e+44     7.323132271437372e+44     7.291400196235744e+44
    1.799125681841783e-01     7.331771144067939e+44     7.331771332509732e+44     7.298151781867899e+44
    1.899436953842065e-01     7.340970859071309e+44     7.340971048348848e+44     7.305390458659889e+44
    1.999746463681428e-01     7.350640882391578e+44     7.350641071040197e+44     7.313048439983922e+44
    2.099134428328576e-01     7.360673253233299e+44     7.360673441290427e+44     7.321041976619363e+44
    2.199441473638485e-01     7.371240223179588e+44     7.371240412143075e+44     7.329510424436766e+44
    2.299747456121890e-01     7.382236787671021e+44     7.382236975893497e+44     7.338372009656296e+44
    2.399132564073071e-01     7.393541543494479e+44     7.393541731904435e+44     7.347529585444340e+44
    2.499437694292689e-01     7.405348227565699e+44     7.405348415662403e+44     7.357140891486123e+44
    2.599742748029846e-01     7.417537243012850e+44     7.417537431514400e+44     7.367109429266661e+44
    2.699127285039410e-01     7.429974277285993e+44     7.429974465316949e+44     7.377324285267672e+44
    2.799431466936226e-01     7.442871135746400e+44     7.442871323136886e+44     7.387958150960723e+44
    2.899734883614619e-01     7.456094438833380e+44     7.456094626059874e+44     7.398899402479238e+44
    2.999117342411518e-01     7.469497338279502e+44     7.469497525574007e+44     7.410022776668995e+44
    3.099419381232996e-01     7.483305129759192e+44     7.483305316476925e+44     7.421510719638063e+44
    3.199720869663072e-01     7.497369885924882e+44     7.497370072256227e+44     7.433234366715820e+44
    3.299101740869060e-01     7.511531650556980e+44     7.511531836216950e+44     7.445052166695250e+44
    3.399402234939535e-01     7.526021895869019e+44     7.526022080904458e+44     7.457146793939055e+44
    3.499701661057136e-01     7.540675184737634e+44     7.540675369023650e+44     7.469366631805834e+44
    3.599999665035988e-01     7.555451459717323e+44     7.555451642918378e+44     7.481660724929861e+44
    3.699376118824578e-01     7.570168067577721e+44     7.570168249037183e+44     7.493855323358366e+44
    3.799671460713999e-01     7.585043871180574e+44     7.585044051202805e+44     7.506103012253043e+44
    3.899965421351178e-01     7.599878856910035e+44     7.599879035377138e+44     7.518200822521421e+44
    3.999337865243401e-01     7.614462638541802e+44     7.614462815413915e+44     7.529931844098092e+44
    4.099629446361256e-01     7.628975168246484e+44     7.628975343201185e+44     7.541380606498692e+44
    4.199921022318078e-01     7.643173112383559e+44     7.643173284394428e+44     7.552276012224735e+44
    4.299896317002349e-01     7.656882741182365e+44     7.656882910106397e+44     7.562389392412179e+44
    4.399629432392425e-01     7.669966646537304e+44     7.669966812929697e+44     7.571504644850198e+44
    4.499404553846210e-01     7.682305032016880e+44     7.682305195380753e+44     7.579411023327564e+44
    4.599553966585224e-01     7.693766584464158e+44     7.693766744437550e+44     7.585879194787326e+44
    4.699854629727259e-01     7.704151601501627e+44     7.704151758649418e+44     7.590647494459066e+44
    4.799797331800389e-01     7.713269101263947e+44     7.713269256000589e+44     7.593509286685577e+44
    4.899660844606509e-01     7.721048413172883e+44     7.721048566849009e+44     7.594367139857001e+44
    4.999791731846550e-01     7.727453337875486e+44     7.727453489124900e+44     7.593181081774929e+44
    5.099791532950976e-01     7.732441689802771e+44     7.732441840834105e+44     7.589992036192221e+44
    5.199870482199765e-01     7.736051113166958e+44     7.736051262905523e+44     7.584899143620457e+44
    5.299955169720590e-01     7.738334780892685e+44     7.738334930330259e+44     7.578054094967649e+44
    5.399752608205454e-01     7.739371231688198e+44     7.739371381168134e+44     7.569663298300990e+44
    5.499730110131936e-01     7.739249170721944e+44     7.739249321650186e+44     7.559878199246652e+44
    5.599722488940387e-01     7.738060633156152e+44     7.738060784746128e+44     7.548908156771028e+44
    5.699920719622087e-01     7.735910314192251e+44     7.735910467375689e+44     7.536930809449993e+44
    5.799938732419179e-01     7.732916359993671e+44     7.732916513581701e+44     7.524185828068229e+44
    5.899994916636503e-01     7.729179935163833e+44     7.729180089443533e+44     7.510827194686444e+44
    5.999724235576975e-01     7.724815937233700e+44     7.724816091844603e+44     7.497068668644698e+44
    6.099859890148071e-01     7.719880852449108e+44     7.719881008306745e+44     7.482953189831381e+44
    6.199987546220207e-01     7.714463428549527e+44     7.714463585377748e+44     7.468660087267423e+44
    6.299946280353859e-01     7.708623025259912e+44     7.708623182899078e+44     7.454312386939980e+44
    6.399810070276969e-01     7.702423274281942e+44     7.702423432951670e+44     7.439994007735625e+44
    6.499884922548308e-01     7.695903563832764e+44     7.695903723332209e+44     7.425741423432360e+44
    6.599890933883309e-01     7.689130647705509e+44     7.689130807391371e+44     7.411661197356176e+44
    6.699779823605678e-01     7.682148198437265e+44     7.682148359222174e+44     7.397813736996245e+44
    6.799743069052777e-01     7.674973487035155e+44     7.674973647786214e+44     7.384215739704280e+44
    6.899944833969573e-01     7.667617411701396e+44     7.667617573940784e+44     7.370880884827696e+44
    6.999951432918304e-01     7.660118220780038e+44     7.660118383137610e+44     7.357890946498633e+44
    7.099861157136793e-01     7.652456244140362e+44     7.652456405472138e+44     7.345245437547283e+44
    7.169923055660118e-01     7.646988518109294e+44     7.646988681145313e+44     7.336585189165772e+44
    7.199752571412164e-01     7.644637858115917e+44     7.644638020530138e+44     7.332951383162316e+44
    7.299988442337237e-01     7.636641123923592e+44     7.636641286508365e+44     7.320978733577947e+44
    7.399714846333100e-01     7.628530445940805e+44     7.628530608856120e+44     7.309436196857456e+44
    7.499869886229051e-01     7.620217702742649e+44     7.620217865634734e+44     7.298217975582525e+44
    7.599862049932111e-01     7.611729167667357e+44     7.611729331313547e+44     7.287391268010528e+44
    7.699690073482740e-01     7.603036871332892e+44     7.603037034751539e+44     7.276951129924985e+44
    7.799997273795660e-01     7.594053521943111e+44     7.594053687568085e+44     7.266825734835653e+44
    7.899796934192808e-01     7.584837994831446e+44     7.584838159052894e+44     7.257105256314391e+44
    7.999718580199349e-01     7.575291951391915e+44     7.575292115690504e+44     7.247710751326559e+44
    8.099738373312378e-01     7.565420203691162e+44     7.565420368983492e+44     7.238634591750297e+44
    8.199797801880395e-01     7.555249626646488e+44     7.555249791991661e+44     7.229870851065475e+44
    8.299769917881787e-01     7.544817996159779e+44     7.544818161366367e+44     7.221415655747176e+44
    8.399839280999672e-01     7.534127620187362e+44     7.534127786089190e+44     7.213235646844000e+44
    8.499880002675493e-01     7.523208050249013e+44     7.523208215927862e+44     7.205321171576506e+44
    8.599648664213400e-01     7.512097228718197e+44     7.512097394877243e+44     7.197667055104633e+44
    8.699990233068138e-01     7.500705824631849e+44     7.500705991567922e+44     7.190183324658906e+44
    8.799905817994226e-01     7.489144359161932e+44     7.489144526740702e+44     7.182915816596873e+44
    8.899757765590826e-01     7.477358076951347e+44     7.477358244698603e+44     7.175803094315135e+44
    8.999910041241831e-01     7.465296592793834e+44     7.465296760557890e+44     7.168780925033555e+44
    9.099943993126294e-01     7.452993400319118e+44     7.452993569367323e+44     7.161831123039079e+44
    9.199930255080344e-01     7.440383940419856e+44     7.440384109161861e+44     7.154882423949957e+44
    9.299780589573264e-01     7.427439989636675e+44     7.427440159352583e+44     7.147856448138317e+44
    9.399749222938618e-01     7.414070637248252e+44     7.414070806646075e+44     7.140614971501829e+44
    9.499724064269198e-01     7.400194237296944e+44     7.400194407685715e+44     7.132994137316050e+44
    9.599982201893000e-01     7.385634136266052e+44     7.385634305963645e+44     7.124736979870191e+44
    9.699734512395862e-01     7.370337606771525e+44     7.370337776102231e+44     7.115616721019231e+44
    9.799942512719724e-01     7.353968907620938e+44     7.353969075772032e+44     7.105208423686258e+44
    9.899872347088085e-01     7.336468910057335e+44     7.336469077396585e+44     7.093251553303387e+44
    9.999738605574031e-01     7.317681554132620e+44     7.317681719296158e+44     7.079465359567480e+44
    1.009987826142789e+00     7.297511208356684e+44     7.297511372040932e+44     7.063681253340105e+44
    1.019998939825496e+00     7.276085190454552e+44     7.276085352277119e+44     7.046016038844135e+44
    1.029982923058220e+00     7.253650302977244e+44     7.253650463063552e+44     7.026771574550265e+44
    1.039997552533967e+00     7.230339072524992e+44     7.230339231217674e+44     7.006190358032503e+44
    1.049976983481273e+00     7.206566339666281e+44     7.206566498156472e+44     6.984777881442573e+44
    1.059991121109618e+00     7.182392705609438e+44     7.182392862887386e+44     6.962709611086667e+44
    1.069987637236854e+00     7.158122542599152e+44     7.158122700575576e+44     6.940353371453651e+44
    1.079980742232482e+00     7.133853179803010e+44     7.133853337234560e+44     6.917863552517222e+44
    1.089981890967671e+00     7.109640041903228e+44     7.109640199366375e+44     6.895345741416420e+44
    1.099978689789579e+00     7.085592931523547e+44     7.085593089197427e+44     6.872923008505030e+44
    1.109978653971531e+00     7.061755745731901e+44     7.061755903240363e+44     6.850649884879108e+44
    1.119986517488998e+00     7.038161251979717e+44     7.038161408942636e+44     6.828571676789624e+44
    1.129982124759552e+00     7.014897240917557e+44     7.014897397518850e+44     6.806777028609754e+44
    1.139985472853392e+00     6.991948921894093e+44     6.991949079098028e+44     6.785257906576157e+44
    1.149991457739899e+00     6.969353314582613e+44     6.969353471148541e+44     6.764054281371387e+44
    1.159991664884285e+00     6.947148684554903e+44     6.947148840678413e+44     6.743206589726512e+44
    1.169996795670499e+00     6.925326636252864e+44     6.925326792812153e+44     6.722710571660833e+44
    1.179992730004126e+00     6.903930003508942e+44     6.903930159480767e+44     6.702609178785962e+44
    1.189985253143408e+00     6.882955614560774e+44     6.882955770662864e+44     6.682901381047927e+44
    1.199978364685752e+00     6.862402887607912e+44     6.862403043558134e+44     6.663588063432138e+44
    1.209997692994324e+00     6.842227317299343e+44     6.842227472941743e+44     6.644628351801698e+44
    1.219998381839136e+00     6.822524967037998e+44     6.822525122675643e+44     6.626113185310835e+44
    1.229979883182906e+00     6.803298494399582e+44     6.803298649978566e+44     6.608045548900789e+44
    1.239988398859213e+00     6.784462534064544e+44     6.784462689428243e+44     6.590345606444769e+44
    1.249999034093008e+00     6.766068105393828e+44     6.766068260688942e+44     6.573061437690082e+44
    1.259985332596801e+00     6.748163783334796e+44     6.748163938660346e+44     6.556238778639128e+44
    1.269992959657190e+00     6.730668205743083e+44     6.730668361651038e+44     6.539801060908273e+44
    1.279994709642223e+00     6.713629930507779e+44     6.713630084872914e+44     6.523793825052025e+44
    1.289987082090462e+00     6.697053119557550e+44     6.697053273081092e+44     6.508220628629818e+44
    1.299991476334132e+00     6.680901097496170e+44     6.680901251523240e+44     6.493046549696584e+44
    1.309979133604323e+00     6.665217958964209e+44     6.665218113356398e+44     6.478312414413019e+44
    1.319997055027823e+00     6.649928203828921e+44     6.649928357569323e+44     6.463946453947725e+44
    1.329990508025664e+00     6.635112598772856e+44     6.635112753568541e+44     6.450023712515606e+44
    1.339980936692552e+00     6.620733873182578e+44     6.620734026644347e+44     6.436508267666749e+44
    1.349990320280157e+00     6.606757190158192e+44     6.606757343792353e+44     6.423366341089230e+44
    1.359987288549240e+00     6.593222028456336e+44     6.593222182326824e+44     6.410633962821145e+44
    1.369991229885468e+00     6.580096447081144e+44     6.580096600278854e+44     6.398279899611661e+44
    1.379997491092426e+00     6.567381361185639e+44     6.567381515409506e+44     6.386303742107110e+44
    1.389974237249187e+00     6.555109148581622e+44     6.555109301887353e+44     6.374734556186705e+44
    1.399992794251130e+00     6.543185748725248e+44     6.543185901975653e+44     6.363482006673053e+44
    1.409993412234450e+00     6.531676280317322e+44     6.531676434020296e+44     6.352605817649060e+44
    1.419997884163539e+00     6.520546940839851e+44     6.520547093725023e+44     6.342072383518358e+44
    1.429999689785245e+00     6.509796777891901e+44     6.509796931861524e+44     6.331879023877605e+44
    1.439988752508017e+00     6.499427182233245e+44     6.499427336143180e+44     6.322025387078857e+44
    1.449986917431061e+00     6.489406736848311e+44     6.489406889358860e+44     6.312480094745512e+44
    1.459989468389231e+00     6.479732166748788e+44     6.479732320277485e+44     6.303238535676197e+44
    1.469991723179111e+00     6.470399283617822e+44     6.470399436728628e+44     6.294295380512717e+44
    1.479988560888216e+00     6.461403607519354e+44     6.461403761720765e+44     6.285645079181327e+44
    1.489997163032855e+00     6.452720548854742e+44     6.452720701734638e+44     6.277262613023984e+44
    1.499984440872481e+00     6.444368865798935e+44     6.444369018981392e+44     6.269164801512351e+44
    1.509999762387848e+00     6.436297685434996e+44     6.436297838452364e+44     6.261300851504853e+44
    1.519984637097299e+00     6.428543745471213e+44     6.428543898043790e+44     6.253705024249227e+44
    1.529988054647270e+00     6.421057821817211e+44     6.421057974287693e+44     6.246327568289488e+44
    1.539978436372792e+00     6.413852734989813e+44     6.413852887431180e+44     6.239179415630656e+44
    1.549977616112358e+00     6.406901199156660e+44     6.406901351623193e+44     6.232231988279175e+44
    1.559980698310604e+00     6.400195489205989e+44     6.400195641467273e+44     6.225476026379235e+44
    1.569982922767376e+00     6.393727053953954e+44     6.393727206830328e+44     6.218901675817420e+44
    1.579979721930722e+00     6.387486680874689e+44     6.387486832745368e+44     6.212498717615699e+44
    1.589992619247578e+00     6.381449210690967e+44     6.381449363366837e+44     6.206240595324115e+44
    1.599991337408113e+00     6.375620814981488e+44     6.375620966805616e+44     6.200133430450622e+44
    1.609997208775642e+00     6.369976615220022e+44     6.369976767730077e+44     6.194151294141152e+44
    1.619978789271304e+00     6.364521677888747e+44     6.364521830178053e+44     6.188300197310912e+44
    1.629982758898887e+00     6.359218182457583e+44     6.359218334884645e+44     6.182540472954542e+44
    1.639980113478108e+00     6.354069683872090e+44     6.354069836017951e+44     6.176877102500347e+44
    1.649992305186786e+00     6.349053087789742e+44     6.349053239774709e+44     6.171286275735648e+44
    1.659991298393684e+00     6.344170334702865e+44     6.344170485682719e+44     6.165772282668434e+44
    1.669998708968961e+00     6.339398784099245e+44     6.339398935502278e+44     6.160312168325251e+44
    1.679987555454411e+00     6.334739330308851e+44     6.334739481102313e+44     6.154910057905194e+44
    1.689979653409897e+00     6.330169996443286e+44     6.330170147554826e+44     6.149544065277300e+44
    1.699996235356153e+00     6.325670044843938e+44     6.325670196826964e+44     6.144193387906307e+44
    1.709987895018892e+00     6.321250608094526e+44     6.321250759496962e+44     6.138875520871528e+44
    1.719999754241242e+00     6.316880861746686e+44     6.316881012615448e+44     6.133558020565334e+44
    1.729983786148357e+00     6.312571231388497e+44     6.312571381615362e+44     6.128258538741668e+44
    1.739984616093322e+00     6.308292178644058e+44     6.308292329141905e+44     6.122946003090742e+44
    1.749977896962044e+00     6.304044323978462e+44     6.304044473552116e+44     6.117626490564722e+44
    1.759984764287109e+00     6.299809198485093e+44     6.299809348914297e+44     6.112282351708470e+44
    1.769981600904388e+00     6.295587712352116e+44     6.295587862311811e+44     6.106920257316893e+44
    1.779989400581764e+00     6.291362264535162e+44     6.291362414637262e+44     6.101523417877813e+44
    1.789985310488340e+00     6.287134258559612e+44     6.287134407687804e+44     6.096099128223516e+44
    1.799990241779573e+00     6.282887043229425e+44     6.282887192659983e+44     6.090631335128475e+44
    1.809982127272146e+00     6.278622731670828e+44     6.278622880832255e+44     6.085127852092322e+44
    1.819981790283611e+00     6.274325656950930e+44     6.274325806539464e+44     6.079573271717080e+44
    1.829988617503731e+00     6.269989881604608e+44     6.269990031044407e+44     6.073964250433184e+44
    1.839981554387269e+00     6.265618948854894e+44     6.265619097859552e+44     6.068309326253871e+44
    1.849981105908390e+00     6.261199078623925e+44     6.261199227670610e+44     6.062593988626392e+44
    1.859986872110871e+00     6.256726209907631e+44     6.256726358716534e+44     6.056815628505128e+44
    1.869998476136074e+00     6.252197080736032e+44     6.252197229256185e+44     6.050971861433744e+44
    1.879995769301412e+00     6.247618359812399e+44     6.247618508030201e+44     6.045072272302375e+44
    1.889998542384643e+00     6.242979312142351e+44     6.242979460380995e+44     6.039103232869402e+44
    1.899987022675092e+00     6.238288150056946e+44     6.238288298878534e+44     6.033074843481154e+44
    1.909999897084247e+00     6.233526111947116e+44     6.233526259693179e+44     6.026962090754151e+44
    1.919998206569990e+00     6.228711561430760e+44     6.228711708681429e+44     6.020787381351493e+44
    1.929999036593606e+00     6.223836523879266e+44     6.223836671704072e+44     6.014539206159946e+44
    1.939999296475243e+00     6.218902781623582e+44     6.218902928910972e+44     6.008218616448465e+44
    1.949998678612712e+00     6.213910963183819e+44     6.213911111016252e+44     6.001825349521247e+44
    1.959996890198817e+00     6.208861723948293e+44     6.208861871146692e+44     5.995359316552492e+44
    1.969993629650425e+00     6.203755729004575e+44     6.203755875859586e+44     5.988820691525683e+44
    1.979988597103929e+00     6.198593648584811e+44     6.198593795351408e+44     5.982209791210543e+44
    1.989999366966711e+00     6.193366754158424e+44     6.193366901062203e+44     5.975515064896068e+44
    1.999989802126241e+00     6.188094408780575e+44     6.188094555426474e+44     5.968761015606011e+44
    2.009995233596184e+00     6.182758456634750e+44     6.182758603775739e+44     5.961924165945989e+44
    2.019997614780086e+00     6.177368801701036e+44     6.177368948092353e+44     5.955017022075243e+44
    2.029996790756952e+00     6.171925876529780e+44     6.171926023616697e+44     5.948039956549786e+44
    2.039992639223144e+00     6.166429892196423e+44     6.166430038729030e+44     5.940993020912882e+44
    2.049985061613764e+00     6.160880816486789e+44     6.160880963154564e+44     5.933875823899167e+44
    2.059990732674368e+00     6.155268707819215e+44     6.155268853541466e+44     5.926675237631118e+44
    2.069992466337114e+00     6.149602126915118e+44     6.149602273435575e+44     5.919401706691832e+44
    2.079990091610274e+00     6.143879723984678e+44     6.143879869079209e+44     5.912052853902659e+44
    2.089999707754468e+00     6.138090088429150e+44     6.138090234343993e+44     5.904613301599508e+44
    2.099988188201729e+00     6.132249832834875e+44     6.132249978604273e+44     5.897103628772107e+44
    2.109987688806167e+00     6.126337126248969e+44     6.126337271342396e+44     5.889494973201118e+44
    2.119997319319716e+00     6.120348633078929e+44     6.120348778330192e+44     5.881782261680810e+44
    2.129984497179618e+00     6.114299935145820e+44     6.114300080732851e+44     5.873984867879279e+44
    2.139995807246766e+00     6.108158335009456e+44     6.108158479854119e+44     5.866060021927846e+44
    2.149998456661980e+00     6.101938898262640e+44     6.101939043597591e+44     5.858026741638491e+44
    2.159991327179745e+00     6.095637465630582e+44     6.095637609809135e+44     5.849879434083845e+44
    2.169988413891283e+00     6.089240048285843e+44     6.089240192416156e+44     5.841600018688280e+44
    2.179987973961513e+00     6.082742320529758e+44     6.082742464079396e+44     5.833183140773900e+44
    2.189988196084969e+00     6.076140107695581e+44     6.076140252198658e+44     5.824623940612649e+44
    2.199987207099824e+00     6.069429432017809e+44     6.069429575530627e+44     5.815918123273893e+44
    2.209997778532056e+00     6.062596473835269e+44     6.062596617690225e+44     5.807048942508137e+44
    2.219988434594158e+00     6.055658017395381e+44     6.055658160196646e+44     5.798039650011320e+44
    2.229986516702469e+00     6.048590706023971e+44     6.048590849586077e+44     5.788861641428410e+44
    2.239989786116944e+00     6.041391584019290e+44     6.041391726705496e+44     5.779513002469104e+44
    2.249996129689850e+00     6.034058009184786e+44     6.034058151542663e+44     5.769992473112067e+44
    2.259989565326358e+00     6.026598221956530e+44     6.026598364475108e+44     5.760313138831596e+44
    2.269996398493157e+00     6.018989307888632e+44     6.018989449584511e+44     5.750447773198129e+44
    2.279987034548828e+00     6.011250861480693e+44     6.011251003888587e+44     5.740424447620095e+44
    2.289987488600068e+00     6.003360267198799e+44     6.003360408912593e+44     5.730216610649005e+44
    2.299995927766293e+00     5.995316372696527e+44     5.995316514673868e+44     5.719825655777939e+44
    2.309997386069087e+00     5.987129202153206e+44     5.987129342645119e+44     5.709267434284656e+44
    2.319990811531928e+00     5.978798296543741e+44     5.978798437417174e+44     5.698544172284763e+44
    2.329988365727893e+00     5.970312096577978e+44     5.970312237327419e+44     5.687643887305484e+44
    2.339988896225467e+00     5.961670205604982e+44     5.961670346075766e+44     5.676568937741268e+44
    2.349991389421240e+00     5.952872427965156e+44     5.952872567738471e+44     5.665321955695318e+44
    2.359994984111069e+00     5.943918895010667e+44     5.943919035295671e+44     5.653905957868419e+44
    2.369998979281621e+00     5.934810225082778e+44     5.934810364816292e+44     5.642324668738883e+44
    2.379990407805479e+00     5.925559209079645e+44     5.925559349056843e+44     5.630597250789774e+44
    2.389993781233242e+00     5.916144615030853e+44     5.916144754458225e+44     5.618699886645456e+44
    2.399996248183575e+00     5.906580662954616e+44     5.906580802029422e+44     5.606653764600070e+44
    2.409995903877599e+00     5.896872567010402e+44     5.896872705469544e+44     5.594468645104185e+44
    2.419998982556305e+00     5.887018578587182e+44     5.887018716280415e+44     5.582145604608911e+44
    2.429992627180083e+00     5.877037175825361e+44     5.877037314284964e+44     5.569711098022288e+44
    2.439988425803868e+00     5.866923778291558e+44     5.866923916353942e+44     5.557162840410002e+44
    2.449997687379638e+00     5.856674761569399e+44     5.856674899458323e+44     5.544500014291665e+44
    2.459997152923365e+00     5.846323196495439e+44     5.846323334427829e+44     5.531767110980099e+44
    2.469998660469343e+00     5.835867275650751e+44     5.835867412618244e+44     5.518965439687532e+44
    2.479991366249950e+00     5.825329550408798e+44     5.825329687295808e+44     5.506126043097340e+44
    2.489998353700348e+00     5.814697243225418e+44     5.814697379917484e+44     5.493236797920138e+44
    2.499998024644811e+00     5.804005155112329e+44     5.804005292101359e+44     5.480342988453837e+44
    2.509991536855258e+00     5.793264050905065e+44     5.793264187571448e+44     5.467460191888138e+44
    2.519990898162844e+00     5.782472566222188e+44     5.782472702328964e+44     5.454589120549408e+44
    2.529997024933646e+00     5.771640566420953e+44     5.771640701982514e+44     5.441743679307566e+44
    2.539989611678564e+00     5.760800145439201e+44     5.760800281225588e+44     5.428963418691461e+44
    2.549991170058108e+00     5.749936135603475e+44     5.749936270214460e+44     5.416231533187610e+44
    2.559992263235470e+00     5.739067020990483e+44     5.739067156177430e+44     5.403570552918098e+44
    2.569994205064735e+00     5.728198678306485e+44     5.728198812716585e+44     5.390987790978881e+44
    2.579998307190924e+00     5.717335916130188e+44     5.717336050615168e+44     5.378489118437296e+44
    2.589995638287736e+00     5.706493510245303e+44     5.706493644128200e+44     5.366091618222064e+44
    2.599997699282312e+00     5.695660914396626e+44     5.695661048402536e+44     5.353784980966499e+44
    2.609998936069006e+00     5.684840135114694e+44     5.684840268692319e+44     5.341576989414688e+44
    2.619991726652464e+00     5.674039014987669e+44     5.674039148164777e+44     5.329477340810852e+44
    2.629996352308398e+00     5.663233015184303e+44     5.663233148131833e+44     5.317460481823546e+44
    2.639993536499609e+00     5.652439674341475e+44     5.652439808100192e+44     5.305547751766575e+44
    2.649993708018482e+00     5.641648892429178e+44     5.641649025120006e+44     5.293726218890174e+44
    2.659997494070820e+00     5.630860168141903e+44     5.630860301413705e+44     5.281994173233597e+44
    2.669996383085007e+00     5.620080080992332e+44     5.620080212726179e+44     5.270359354260233e+44
    2.679991559896879e+00     5.609307380427298e+44     5.609307511942559e+44     5.258819749369347e+44
    2.689993450223125e+00     5.598530545080287e+44     5.598530676663740e+44     5.247362631332629e+44
    2.699993476427529e+00     5.587756518091523e+44     5.587756649536836e+44     5.235995807407723e+44
    2.709992465600527e+00     5.576982081727326e+44     5.576982212451874e+44     5.224714978488035e+44
    2.719996825998353e+00     5.566196502544890e+44     5.566196633964431e+44     5.213507817376609e+44
    2.729998237761675e+00     5.555402882075404e+44     5.555403013062717e+44     5.202376951402913e+44
    2.739994262557611e+00     5.544600306547711e+44     5.544600437086946e+44     5.191320361475014e+44
    2.749997828944402e+00     5.533772074776456e+44     5.533772204859411e+44     5.180320546686548e+44
    2.759999495654621e+00     5.522925383027167e+44     5.522925512826781e+44     5.169385025326330e+44
    2.769999143014942e+00     5.512057814054086e+44     5.512057944205867e+44     5.158510958886638e+44
    2.779996903684147e+00     5.501166985930468e+44     5.501167115096955e+44     5.147695059154549e+44
    2.789999786667826e+00     5.490243115743016e+44     5.490243245018034e+44     5.136926497861896e+44
    2.799996314411700e+00     5.479296318311156e+44     5.479296446806904e+44     5.126213836357175e+44
    2.809996825448243e+00     5.468313259144721e+44     5.468313386932751e+44     5.115543023733805e+44
    2.819999981370776e+00     5.457293825755035e+44     5.457293953899550e+44     5.104913042271005e+44
    2.829996881857184e+00     5.446246595081090e+44     5.446246723098947e+44     5.094331092947001e+44
    2.839995701913710e+00     5.435161595056666e+44     5.435161722929272e+44     5.083786513793455e+44
    2.849996794277915e+00     5.424037659442174e+44     5.424037786638018e+44     5.073277156856762e+44
    2.859992784350483e+00     5.412882482447789e+44     5.412882609020323e+44     5.062809170005753e+44
    2.869999799864346e+00     5.401677725168848e+44     5.401677852026548e+44     5.052364305109725e+44
    2.879994735059523e+00     5.390449210914131e+44     5.390449337840110e+44     5.041965565310249e+44
    2.889993081924424e+00     5.379179435341041e+44     5.379179561841025e+44     5.031595442716954e+44
    2.899995595120710e+00     5.367867623107690e+44     5.367867749661320e+44     5.021252334743791e+44
    2.909993351964634e+00     5.356524781252506e+44     5.356524906889283e+44     5.010945753912756e+44
    2.919993271589415e+00     5.345144633601254e+44     5.345144759379115e+44     5.000669358593720e+44
    2.929995059238387e+00     5.333729449137353e+44     5.333729574499365e+44     4.990424765638020e+44
    2.939998528923394e+00     5.322281607921237e+44     5.322281732067738e+44     4.980213805601644e+44
    2.949996528095831e+00     5.310811825406372e+44     5.310811950001372e+44     4.970045811864899e+44
    2.959995940643137e+00     5.299315006399550e+44     5.299315130697979e+44     4.959916217676105e+44
    2.969996462411231e+00     5.287794548624501e+44     5.287794672782319e+44     4.949828175730472e+44
    2.979997792136522e+00     5.276254194435693e+44     5.276254317856369e+44     4.939785258070973e+44
    2.989999536378169e+00     5.264697748065251e+44     5.264697871281961e+44     4.929791206969573e+44
    2.999994754691253e+00     5.253136169359858e+44     5.253136292828315e+44     4.919855944783585e+44
    3.009996011557281e+00     5.241558934710016e+44     5.241559056822229e+44     4.909971056582990e+44
    3.019996169184638e+00     5.229978863242852e+44     5.229978985023862e+44     4.900148293521396e+44
    3.029994666262444e+00     5.218401348589459e+44     5.218401470680520e+44     4.890392957253181e+44
    3.039997065078686e+00     5.206824635602949e+44     5.206824756690060e+44     4.880704341884844e+44
    3.049996267592894e+00     5.195261543704743e+44     5.195261665132164e+44     4.871093809887843e+44
    3.059997378544603e+00     5.183710577825557e+44     5.183710698424418e+44     4.861560656665829e+44
    3.069999290399595e+00     5.172177195798542e+44     5.172177316600508e+44     4.852109743874659e+44
    3.079995092386669e+00     5.160673333461393e+44     5.160673453392122e+44     4.842750918786063e+44
    3.089995738126194e+00     5.149190027302618e+44     5.149190147603014e+44     4.833476797858303e+44
    3.099994715553983e+00     5.137738164989408e+44     5.137738284423958e+44     4.824295952020819e+44
    3.109997318248263e+00     5.126314730586940e+44     5.126314849650159e+44     4.815205454420534e+44
    3.119997411238601e+00     5.114929453545739e+44     5.114929572652650e+44     4.806212349191345e+44
    3.129994790481244e+00     5.103584951258853e+44     5.103585069940842e+44     4.797317649522918e+44
    3.139994989970702e+00     5.092276972037859e+44     5.092277090069460e+44     4.788516836189730e+44
    3.149998086953357e+00     5.081007222275876e+44     5.081007340238022e+44     4.779809957675611e+44
    3.159998727005078e+00     5.069783135729959e+44     5.069783253485472e+44     4.771201299341912e+44
    3.169997042798265e+00     5.058605635637154e+44     5.058605752408253e+44     4.762689943409172e+44
    3.179998668716102e+00     5.047469292194186e+44     5.047469408938758e+44     4.754270097433688e+44
    3.189998690286463e+00     5.036380255687685e+44     5.036380371671108e+44     4.745944666181454e+44
    3.199997398076566e+00     5.025338682737640e+44     5.025338798773676e+44     4.737711900091190e+44
    3.209994997904348e+00     5.014344644910875e+44     5.014344760122681e+44     4.729570094685270e+44
    3.219996535736856e+00     5.003392818595337e+44     5.003392934614216e+44     4.721513670396948e+44
    3.229996771008809e+00     4.992489089593183e+44     4.992489204556771e+44     4.713545477670421e+44
    3.239995386154532e+00     4.981633736253082e+44     4.981633850757739e+44     4.705664300120192e+44
    3.249996599465897e+00     4.970822046244826e+44     4.970822160927922e+44     4.697865370378277e+44
    3.259999558946900e+00     4.960054692645883e+44     4.960054806149400e+44     4.690147883287775e+44
    3.269998707946747e+00     4.949337238096930e+44     4.949337351803270e+44     4.682514601427105e+44
    3.279998152899982e+00     4.938664710382910e+44     4.938664823751268e+44     4.674960796898069e+44
    3.289995603179972e+00     4.928038087561416e+44     4.928038201080026e+44     4.667485510205628e+44
    3.299999662435709e+00     4.917445798579682e+44     4.917445911278095e+44     4.660079041685044e+44
    3.309996869580396e+00     4.906901982246579e+44     4.906902095000880e+44     4.652750838612170e+44
    3.319998200860280e+00     4.896395365507370e+44     4.896395476781579e+44     4.645492677225251e+44
    3.329998958414599e+00     4.885930600865456e+44     4.885930712590661e+44     4.638307323247106e+44
    3.339998278641038e+00     4.875507890006290e+44     4.875508001666194e+44     4.631194350686082e+44
    3.349999157392661e+00     4.865123197288519e+44     4.865123307763096e+44     4.624150423569726e+44
    3.359999980322238e+00     4.854777212503707e+44     4.854777322809273e+44     4.617175433703467e+44
    3.369996154146359e+00     4.844473575213624e+44     4.844473685650109e+44     4.610271317366942e+44
    3.379997437458499e+00     4.834201145431060e+44     4.834201255567302e+44     4.603430230550850e+44
    3.389997078200646e+00     4.823965680244638e+44     4.823965789488831e+44     4.596655710360395e+44
    3.399998218813622e+00     4.813762841577636e+44     4.813762950594518e+44     4.589944680324223e+44
    3.409998244341947e+00     4.803594178081962e+44     4.803594286777203e+44     4.583297936665919e+44
    3.419998790289861e+00     4.793456958679116e+44     4.793457066407324e+44     4.576713498574836e+44
    3.429998002219930e+00     4.783351908770694e+44     4.783352016441356e+44     4.570191740796236e+44
    3.439996816672210e+00     4.773276807018236e+44     4.773276914427703e+44     4.563731301923223e+44
    3.449999105387529e+00     4.763226400938885e+44     4.763226508130259e+44     4.557328961392902e+44
    3.459997154587242e+00     4.753207518493142e+44     4.753207625080794e+44     4.550989082210152e+44
    3.469999987068054e+00     4.743211218720810e+44     4.743211324189530e+44     4.544705574634382e+44
    3.479998119461702e+00     4.733247134863416e+44     4.733247240364781e+44     4.538484089678099e+44
    3.489998939528617e+00     4.723307667909696e+44     4.723307772595848e+44     4.532319920398022e+44
    3.499999645641620e+00     4.713396134131619e+44     4.713396238709565e+44     4.526214711978105e+44
    3.509999956857320e+00     4.703513173532766e+44     4.703513277622869e+44     4.520167986936425e+44
    3.519999848588125e+00     4.693659166866751e+44     4.693659270188486e+44     4.514179915270421e+44
    3.529998463712881e+00     4.683835554020456e+44     4.683835656913324e+44     4.508251590504128e+44
    3.539998818134811e+00     4.674039494421289e+44     4.674039597210662e+44     4.502381329528104e+44
    3.549998391053077e+00     4.664270897871320e+44     4.664270999396843e+44     4.496570732989871e+44
    3.559999665811725e+00     4.654525017637295e+44     4.654525118203431e+44     4.490820570668941e+44
    3.569999799465216e+00     4.644805803039746e+44     4.644805902998751e+44     4.485138960325585e+44
    3.579998437987065e+00     4.635114282484272e+44     4.635114382031383e+44     4.479535146176054e+44
    3.589999210589537e+00     4.625437469099804e+44     4.625437567793171e+44     4.474014374329939e+44
    3.599998768383915e+00     4.615761038449598e+44     4.615761136122304e+44     4.468577586247712e+44
    3.609999692476058e+00     4.606055338362756e+44     4.606055435796955e+44     4.463204315285591e+44
    3.619998983644324e+00     4.596298036150780e+44     4.596298132654601e+44     4.457886893888482e+44
    3.629998446577075e+00     4.586475354777618e+44     4.586475450757672e+44     4.452631435901830e+44
    3.639998438138172e+00     4.576578817178001e+44     4.576578911900878e+44     4.447441802327519e+44
    3.649998710505931e+00     4.566609660926926e+44     4.566609755437237e+44     4.442319793627945e+44
    3.659998628677045e+00     4.556575654798102e+44     4.556575748318205e+44     4.437270034595550e+44
    3.669998354155659e+00     4.546484139060354e+44     4.546484232360089e+44     4.432300170155020e+44
    3.679998780787368e+00     4.536343494316635e+44     4.536343587496653e+44     4.427414074394175e+44
    3.689997778916304e+00     4.526165134036922e+44     4.526165226450700e+44     4.422616121413225e+44
    3.699998509039800e+00     4.515936336162472e+44     4.515936428203467e+44     4.417876224700265e+44
    3.709997353673748e+00     4.505660270489085e+44     4.505660361538434e+44     4.413185131358774e+44
    3.719998658787161e+00     4.495342357849234e+44     4.495342448588019e+44     4.408552164982097e+44
    3.729997225386721e+00     4.484990438532483e+44     4.484990528502658e+44     4.403980765185574e+44
    3.739999078192741e+00     4.474600359193864e+44     4.474600448620067e+44     4.399466611968582e+44
    3.749998689771975e+00     4.464183092509855e+44     4.464183181678784e+44     4.395015706949782e+44
    3.759997931141660e+00     4.453742322720871e+44     4.453742411049535e+44     4.390630432514207e+44
    3.769998245364433e+00     4.443277417586140e+44     4.443277505436445e+44     4.386305646340478e+44
    3.779997370690800e+00     4.432787851151557e+44     4.432787938050980e+44     4.382034697424099e+44
    3.789997113296076e+00     4.422276465774640e+44     4.422276552392868e+44     4.377823872937646e+44
    3.799998767265438e+00     4.411744927150806e+44     4.411745013025340e+44     4.373672994397985e+44
    3.809997816720904e+00     4.401200551339483e+44     4.401200637102626e+44     4.369582015524828e+44
    3.819998078513659e+00     4.390641529759187e+44     4.390641614465708e+44     4.365547507374410e+44
    3.829999921827011e+00     4.380071005310755e+44     4.380071090106744e+44     4.361568147889736e+44
    3.839997033637462e+00     4.369500061529911e+44     4.369500145032568e+44     4.357646407043993e+44
    3.849997689488295e+00     4.358924201564204e+44     4.358924285076738e+44     4.353779532473368e+44
    3.859996966369341e+00     4.348351140830012e+44     4.348351223914043e+44     4.349969497844129e+44
    3.869998154209844e+00     4.337778575772128e+44     4.337778658424258e+44     4.346215451957059e+44
    3.879998400526003e+00     4.327209634703623e+44     4.327209717464995e+44     4.342517915575597e+44
    3.889998203226189e+00     4.316642901587644e+44     4.316642983731678e+44     4.338876692389370e+44
    3.899998117652723e+00     4.306078754973765e+44     4.306078836381468e+44     4.335290516626309e+44
    3.909999954938504e+00     4.295515586162759e+44     4.295515667300088e+44     4.331758310473748e+44
    3.919999498469303e+00     4.284959386190108e+44     4.284959466954270e+44     4.328281076721617e+44
    3.929999484627222e+00     4.274408423072235e+44     4.274408503758437e+44     4.324857509599407e+44
    3.939999132197001e+00     4.263865282266551e+44     4.263865362785113e+44     4.321486746738596e+44
    3.949997569668308e+00     4.253332160868376e+44     4.253332241062000e+44     4.318167518930182e+44
    3.959999480167712e+00     4.242805876386217e+44     4.242805956211375e+44     4.314897477717416e+44
    3.969997109370984e+00     4.232295380380012e+44     4.232295460533680e+44     4.311677750730944e+44
    3.979999534071910e+00     4.221792627594822e+44     4.221792707223738e+44     4.308502863733030e+44
    3.989998494171323e+00     4.211307570337478e+44     4.211307650968603e+44     4.305374127648084e+44
    3.999999760586294e+00     4.200834646329938e+44     4.200834726872062e+44     4.302287585467020e+44
    4.009998665490627e+00     4.190380539745079e+44     4.190380620210192e+44     4.299242285278503e+44
    4.019999814603917e+00     4.179941252584548e+44     4.179941332580514e+44     4.296236349461891e+44
    4.029997175605920e+00     4.169523134095146e+44     4.169523214393827e+44     4.293271119981866e+44
    4.039998684038720e+00     4.159118453767508e+44     4.159118534417132e+44     4.290344603738340e+44
    4.049998704300287e+00     4.148732344103370e+44     4.148732425126702e+44     4.287459926713200e+44
    4.059999644250493e+00     4.138362003657889e+44     4.138362084428268e+44     4.284615975621477e+44
    4.069997614701491e+00     4.128012532713545e+44     4.128012613856615e+44     4.281812029250952e+44
    4.079998624920171e+00     4.117678612278174e+44     4.117678693360662e+44     4.279044700612428e+44
    4.089999690574732e+00     4.107364469009308e+44     4.107364550067807e+44     4.276312204106111e+44
    4.099998681735040e+00     4.097074210066437e+44     4.097074292052058e+44     4.273612003467790e+44
    4.109998040116547e+00     4.086806991071054e+44     4.086807073253417e+44     4.270940557856436e+44
    4.119997738480924e+00     4.076564521407238e+44     4.076564603841496e+44     4.268295068435277e+44
    4.129998156159659e+00     4.066348383644090e+44     4.066348466607399e+44     4.265672765009651e+44
    4.139999700865253e+00     4.056159742178255e+44     4.056159825703120e+44     4.263071496367967e+44
    4.149998028357587e+00     4.046004252604174e+44     4.046004336364461e+44     4.260490746888157e+44
    4.159997910154218e+00     4.035877976395578e+44     4.035878060189347e+44     4.257928367666785e+44
    4.169999981840752e+00     4.025780707321116e+44     4.025780791584453e+44     4.255384223506394e+44
    4.179996856304234e+00     4.015719327027927e+44     4.015719411470765e+44     4.252862336188991e+44
    4.189998740843834e+00     4.005682554710707e+44     4.005682639451723e+44     4.250363124114269e+44
    4.199997192223465e+00     3.995679070248211e+44     3.995679156097752e+44     4.247889240111762e+44
    4.209997589572769e+00     3.985705644506687e+44     3.985705730111179e+44     4.245436613194694e+44
    4.219997170874754e+00     3.975768096709152e+44     3.975768182929297e+44     4.243000943467422e+44
    4.229996701218768e+00     3.965868338998378e+44     3.965868425894318e+44     4.240577681517853e+44
    4.239998548879777e+00     3.956006438664932e+44     3.956006525505282e+44     4.238162658826197e+44
    4.249999168205714e+00     3.946187575207846e+44     3.946187662871362e+44     4.235754490671314e+44
    4.259998690978054e+00     3.936412917521289e+44     3.936413005458864e+44     4.233351296130553e+44
    4.269998205579997e+00     3.926682622126521e+44     3.926682709782744e+44     4.230950927881352e+44
    4.279998651042826e+00     3.916997301740184e+44     3.916997389875186e+44     4.228551141172714e+44
    4.289998978747942e+00     3.907358868392906e+44     3.907358956526431e+44     4.226150720832496e+44
    4.299998595771288e+00     3.897768333748653e+44     3.897768422283527e+44     4.223749127577884e+44
    4.309997923590052e+00     3.888225365413895e+44     3.888225454528441e+44     4.221345475280868e+44
    4.319997323527441e+00     3.878728245303701e+44     3.878728334066762e+44     4.218935210279775e+44
    4.329996874778776e+00     3.869255586837220e+44     3.869255676380179e+44     4.216476602136521e+44
    4.339999695690368e+00     3.859808414421134e+44     3.859808504076425e+44     4.213976044853122e+44
    4.349998608364036e+00     3.850404020203105e+44     3.850404109782019e+44     4.211453653070170e+44
    4.359996701170947e+00     3.841046302183391e+44     3.841046391917707e+44     4.208917241962248e+44
    4.369999067413263e+00     3.831734754925889e+44     3.831734844754056e+44     4.206366009906610e+44
    4.379997981272273e+00     3.822479053550281e+44     3.822479144161689e+44     4.203798690044316e+44
    4.389998226584207e+00     3.813275500238283e+44     3.813275591220132e+44     4.201210468053162e+44
    4.399998028972478e+00     3.804125799893194e+44     3.804125890082181e+44     4.198598365412199e+44
    4.409998004477283e+00     3.795029474955165e+44     3.795029566171389e+44     4.195958951492803e+44
    4.419997659358104e+00     3.785987446358491e+44     3.785987537094507e+44     4.193289397454850e+44
    4.429997017938359e+00     3.777000298032854e+44     3.777000389393799e+44     4.190587268913002e+44
    4.439996718619647e+00     3.768068038481048e+44     3.768068129758824e+44     4.187850728565034e+44
    4.449996968833525e+00     3.759190975337157e+44     3.759191067379361e+44     4.185078267601826e+44
    4.459999060040188e+00     3.750368430828537e+44     3.750368522955061e+44     4.182268378387590e+44
    4.469998801185347e+00     3.741604323665419e+44     3.741604416368797e+44     4.179422146243253e+44
    4.479998891144771e+00     3.732896505028936e+44     3.732896597128439e+44     4.176539668637480e+44
    4.489997764730930e+00     3.724246689027064e+44     3.724246781969312e+44     4.173621855828355e+44
    4.499997194373876e+00     3.715654225480211e+44     3.715654318387795e+44     4.170668013059977e+44
    4.509999974971902e+00     3.707118248792832e+44     3.707118342043916e+44     4.167676432823669e+44
    4.519998235921351e+00     3.698647210787123e+44     3.698647304018467e+44     4.164647259987671e+44
    4.529998308959921e+00     3.690237696975140e+44     3.690237789957471e+44     4.161575842438073e+44
    4.539996954856413e+00     3.681894065340938e+44     3.681894159067031e+44     4.158460794402168e+44
    4.549999874201430e+00     3.673612783744264e+44     3.673612877353278e+44     4.155298630429105e+44
    4.559997659728471e+00     3.665402687118084e+44     3.665402781829850e+44     4.152091077166336e+44
    4.569997059517551e+00     3.657259459685037e+44     3.657259553847345e+44     4.148834368390584e+44
    4.579999011547128e+00     3.649184031345789e+44     3.649184125955974e+44     4.145527055871946e+44
    4.589999967455508e+00     3.641180706074191e+44     3.641180800492775e+44     4.142169977974582e+44
    4.599999175244124e+00     3.633251652235323e+44     3.633251746865776e+44     4.138763600641613e+44
    4.609998966789810e+00     3.625396158824500e+44     3.625396253515516e+44     4.135307100252886e+44
    4.619996548458640e+00     3.617617842442890e+44     3.617617937725176e+44     4.131802501738028e+44
    4.629999501531501e+00     3.609911746971273e+44     3.609911842339325e+44     4.128248049952939e+44
    4.639999932945056e+00     3.602285258914848e+44     3.602285354712125e+44     4.124648031081695e+44
    4.649996421735715e+00     3.594740945080054e+44     3.594741040590168e+44     4.121004478581764e+44
    4.659996702168100e+00     3.587274487650625e+44     3.587274583347577e+44     4.117315865327679e+44
    4.669997919562840e+00     3.579889875160055e+44     3.579889971116681e+44     4.113584903866287e+44
    4.679997881264740e+00     3.572590730505749e+44     3.572590826634258e+44     4.109814766294414e+44
    4.689999476961814e+00     3.565376853315423e+44     3.565376949466069e+44     4.106006642959453e+44
    4.699996915874894e+00     3.558254243396553e+44     3.558254339543125e+44     4.102164826629160e+44
    4.709999753356747e+00     3.551217747803176e+44     3.551217843895645e+44     4.098287645162974e+44
    4.719996126453223e+00     3.544277174138035e+44     3.544277270929518e+44     4.094381796459220e+44
    4.729997649814578e+00     3.537425719138624e+44     3.537425815619248e+44     4.090445018862655e+44
    4.739996635586158e+00     3.530669949674376e+44     3.530670046474357e+44     4.086482851020595e+44
    4.749997467576073e+00     3.524007866702647e+44     3.524007963272239e+44     4.082495978817575e+44
    4.759996400768503e+00     3.517442957649742e+44     3.517443054374688e+44     4.078488644789095e+44
    4.769996881995192e+00     3.510973251600744e+44     3.510973348218334e+44     4.074461215064359e+44
    4.779998319602888e+00     3.504599246004414e+44     3.504599342952230e+44     4.070415124359177e+44
    4.789996477016295e+00     3.498323855674841e+44     3.498323952506465e+44     4.066353192700076e+44
    4.799999301660745e+00     3.492142827376369e+44     3.492142923807419e+44     4.062273636389530e+44
    4.809998982308618e+00     3.486061444736439e+44     3.486061541251650e+44     4.058180562369899e+44
    4.819999456729181e+00     3.480075119939411e+44     3.480075216375454e+44     4.054070032709902e+44
    4.829996821512653e+00     3.474177889554275e+44     3.474177985680009e+44     4.049933639333880e+44
    4.839999099798679e+00     3.468364177350116e+44     3.468364272944009e+44     4.045768360040042e+44
    4.849998552279811e+00     3.462640047408649e+44     3.462640142930541e+44     4.041581059298551e+44
    4.859999877904478e+00     3.457003139208334e+44     3.457003234561989e+44     4.037372306318896e+44
    4.869996168602538e+00     3.451456047619816e+44     3.451456143286835e+44     4.033146402325970e+44
    4.879997221179676e+00     3.445990714042144e+44     3.445990808918504e+44     4.028899523566087e+44
    4.889996718377869e+00     3.440607697926098e+44     3.440607792552717e+44     4.024633906082516e+44
    4.899998414767402e+00     3.435302539831376e+44     3.435302634025901e+44     4.020346659520344e+44
    4.909998016010402e+00     3.430075332680311e+44     3.430075426408654e+44     4.016038112630871e+44
    4.919999924623175e+00     3.424921954919007e+44     3.424922047941666e+44     4.011706205288941e+44
    4.929996572448502e+00     3.419844567785109e+44     3.419844661309907e+44     4.007355499166695e+44
    4.939996524878051e+00     3.414837426794314e+44     3.414837519260795e+44     4.002984445292630e+44
    4.949999765339800e+00     3.409899528205520e+44     3.409899620997805e+44     3.998595484857866e+44
    4.959997792792686e+00     3.405033753327431e+44     3.405033846078886e+44     3.994194588015716e+44
    4.969998519405287e+00     3.400234780861546e+44     3.400234873010000e+44     3.989780513280773e+44
    4.979997683904105e+00     3.395503072489509e+44     3.395503164697210e+44     3.985357113122323e+44
    4.989999442456753e+00     3.390834910816487e+44     3.390835002612775e+44     3.980923467313216e+44
    4.999999606023876e+00     3.386230544848363e+44     3.386230636421928e+44     3.976481708205435e+44
    5.009997171787728e+00     3.381688349675827e+44     3.381688441267546e+44     3.972032566075403e+44
    5.019998621385971e+00     3.377203018270252e+44     3.377203109160226e+44     3.967573161116255e+44
    5.029999010267606e+00     3.372774407186227e+44     3.372774498776609e+44     3.963105958771926e+44
    5.039998411450313e+00     3.368399630503195e+44     3.368399721890627e+44     3.958630317523194e+44
    5.049997030102837e+00     3.364075202118122e+44     3.364075293588392e+44     3.954145236779782e+44
    5.059999111656763e+00     3.359795753821885e+44     3.359795844313181e+44     3.949646799570762e+44
    5.069996615703476e+00     3.355560649680855e+44     3.355560740825735e+44     3.945136182363957e+44
    5.079999189731431e+00     3.351358241864447e+44     3.351358332996192e+44     3.940600808094430e+44
    5.089996857548666e+00     3.347186341447321e+44     3.347186432457450e+44     3.936038158470498e+44
    5.099995825784145e+00     3.343038574991140e+44     3.343038666984582e+44     3.931442502748225e+44
    5.109996609020603e+00     3.338911576347939e+44     3.338911668161610e+44     3.926809814509185e+44
    5.119999687647145e+00     3.334801836102331e+44     3.334801927632893e+44     3.922135048034874e+44
    5.129997108626878e+00     3.330709112103855e+44     3.330709203285343e+44     3.917416580775571e+44
    5.139997881784923e+00     3.326626552164314e+44     3.326626643275864e+44     3.912644365244653e+44
    5.149997720220143e+00     3.322553128380676e+44     3.322553220120168e+44     3.907814719184668e+44
    5.159996196370291e+00     3.318486874634088e+44     3.318486966561340e+44     3.902923230586183e+44
    5.169996985391652e+00     3.314425007773026e+44     3.314425099435587e+44     3.897964902231993e+44
    5.179999200685514e+00     3.310367671821298e+44     3.310367763692479e+44     3.892938943997297e+44
    5.189997414311011e+00     3.306317996800421e+44     3.306318088888786e+44     3.887848935915409e+44
    5.199999906154888e+00     3.302274439635069e+44     3.302274531623538e+44     3.882692983150159e+44
    5.209997620932329e+00     3.298243316381054e+44     3.298243408183542e+44     3.877479367798170e+44
    5.219999181962156e+00     3.294224428057331e+44     3.294224520169214e+44     3.872208086719048e+44
    5.229996076155695e+00     3.290224821519477e+44     3.290224913704013e+44     3.866888626120237e+44
    5.239997787373097e+00     3.286244705720133e+44     3.286244797955028e+44     3.861521443097394e+44
    5.249995988861786e+00     3.282291648177005e+44     3.282291740374604e+44     3.856116729657210e+44
    5.259999994164945e+00     3.278366628321789e+44     3.278366720520262e+44     3.850675771726614e+44
    5.259999994164945e+00     3.278366628321789e+44     3.278366720520262e+44     3.850675771726614e+44
