      t            dt           Izz           Ixx          Izz-Ixx
0.000000e+00  1.000000e-05  2.468736e+06  2.467783e+06  9.531224e+02 
5.264103e-04  1.876255e-05  2.468736e+06  2.467782e+06  9.531223e+02 
1.089287e-03  1.876255e-05  2.468735e+06  2.467782e+06  9.531222e+02 
1.652163e-03  1.876255e-05  2.468735e+06  2.467782e+06  9.531221e+02 
2.215040e-03  1.876255e-05  2.468735e+06  2.467781e+06  9.531220e+02 
2.777916e-03  1.876255e-05  2.468734e+06  2.467781e+06  9.531219e+02 
3.340792e-03  1.876255e-05  2.468734e+06  2.467781e+06  9.531218e+02 
3.903669e-03  1.876255e-05  2.468734e+06  2.467781e+06  9.531216e+02 
4.466545e-03  1.876255e-05  2.468733e+06  2.467780e+06  9.531215e+02 
5.029422e-03  1.876255e-05  2.468733e+06  2.467780e+06  9.531214e+02 
5.592298e-03  1.876255e-05  2.468733e+06  2.467780e+06  9.531213e+02 
6.155175e-03  1.876255e-05  2.468732e+06  2.467779e+06  9.531212e+02 
6.718051e-03  1.876255e-05  2.468732e+06  2.467779e+06  9.531211e+02 
7.280927e-03  1.876255e-05  2.468732e+06  2.467779e+06  9.531210e+02 
7.843804e-03  1.876255e-05  2.468732e+06  2.467778e+06  9.531209e+02 
8.406680e-03  1.876255e-05  2.468731e+06  2.467778e+06  9.531208e+02 
8.969557e-03  1.876255e-05  2.468731e+06  2.467778e+06  9.531207e+02 
9.532433e-03  1.876255e-05  2.468731e+06  2.467778e+06  9.531206e+02 
1.009531e-02  1.876255e-05  2.468730e+06  2.467777e+06  9.531205e+02 
1.065819e-02  1.876255e-05  2.468730e+06  2.467777e+06  9.531204e+02 
1.122106e-02  1.876255e-05  2.468730e+06  2.467777e+06  9.531203e+02 
1.178394e-02  1.876255e-05  2.468729e+06  2.467776e+06  9.531202e+02 
1.234682e-02  1.876255e-05  2.468729e+06  2.467776e+06  9.531201e+02 
1.290969e-02  1.876255e-05  2.468729e+06  2.467776e+06  9.531200e+02 
1.347257e-02  1.876255e-05  2.468728e+06  2.467775e+06  9.531200e+02 
1.403544e-02  1.876255e-05  2.468728e+06  2.467775e+06  9.531199e+02 
1.459832e-02  1.876255e-05  2.468728e+06  2.467775e+06  9.531198e+02 
1.516120e-02  1.876255e-05  2.468728e+06  2.467774e+06  9.531197e+02 
1.572407e-02  1.876255e-05  2.468727e+06  2.467774e+06  9.531196e+02 
1.628695e-02  1.876255e-05  2.468727e+06  2.467774e+06  9.531195e+02 
1.684983e-02  1.876255e-05  2.468727e+06  2.467774e+06  9.531194e+02 
1.741270e-02  1.876255e-05  2.468726e+06  2.467773e+06  9.531194e+02 
1.797558e-02  1.876255e-05  2.468726e+06  2.467773e+06  9.531193e+02 
1.853846e-02  1.876255e-05  2.468726e+06  2.467773e+06  9.531192e+02 
1.910133e-02  1.876255e-05  2.468725e+06  2.467772e+06  9.531191e+02 
1.966421e-02  1.876255e-05  2.468725e+06  2.467772e+06  9.531190e+02 
2.022709e-02  1.876255e-05  2.468725e+06  2.467772e+06  9.531189e+02 
2.078996e-02  1.876255e-05  2.468724e+06  2.467771e+06  9.531189e+02 
2.135284e-02  1.876255e-05  2.468724e+06  2.467771e+06  9.531188e+02 
2.191571e-02  1.876255e-05  2.468724e+06  2.467771e+06  9.531187e+02 
2.247859e-02  1.876255e-05  2.468723e+06  2.467770e+06  9.531186e+02 
2.304147e-02  1.876255e-05  2.468723e+06  2.467770e+06  9.531186e+02 
2.360434e-02  1.876255e-05  2.468723e+06  2.467770e+06  9.531185e+02 
2.416722e-02  1.876255e-05  2.468723e+06  2.467769e+06  9.531184e+02 
2.473010e-02  1.876255e-05  2.468722e+06  2.467769e+06  9.531184e+02 
2.529297e-02  1.876255e-05  2.468722e+06  2.467769e+06  9.531183e+02 
2.585585e-02  1.876255e-05  2.468722e+06  2.467768e+06  9.531182e+02 
2.641873e-02  1.876255e-05  2.468721e+06  2.467768e+06  9.531182e+02 
2.698160e-02  1.876255e-05  2.468721e+06  2.467768e+06  9.531181e+02 
2.754448e-02  1.876255e-05  2.468721e+06  2.467767e+06  9.531180e+02 
2.810736e-02  1.876255e-05  2.468720e+06  2.467767e+06  9.531180e+02 
2.867023e-02  1.876255e-05  2.468720e+06  2.467767e+06  9.531179e+02 
2.923311e-02  1.876255e-05  2.468720e+06  2.467766e+06  9.531178e+02 
2.979598e-02  1.876255e-05  2.468719e+06  2.467766e+06  9.531178e+02 
3.035886e-02  1.876255e-05  2.468719e+06  2.467766e+06  9.531177e+02 
3.092174e-02  1.876255e-05  2.468719e+06  2.467766e+06  9.531176e+02 
3.148461e-02  1.876255e-05  2.468718e+06  2.467765e+06  9.531176e+02 
3.204749e-02  1.876255e-05  2.468718e+06  2.467765e+06  9.531175e+02 
3.261037e-02  1.876255e-05  2.468718e+06  2.467765e+06  9.531175e+02 
3.317324e-02  1.876255e-05  2.468717e+06  2.467764e+06  9.531174e+02 
3.373612e-02  1.876255e-05  2.468717e+06  2.467764e+06  9.531174e+02 
3.429900e-02  1.876255e-05  2.468717e+06  2.467764e+06  9.531173e+02 
3.486187e-02  1.876255e-05  2.468716e+06  2.467763e+06  9.531172e+02 
3.542475e-02  1.876255e-05  2.468716e+06  2.467763e+06  9.531172e+02 
3.598763e-02  1.876255e-05  2.468716e+06  2.467763e+06  9.531171e+02 
3.655050e-02  1.876255e-05  2.468715e+06  2.467762e+06  9.531171e+02 
3.711338e-02  1.876255e-05  2.468715e+06  2.467762e+06  9.531170e+02 
3.767625e-02  1.876255e-05  2.468715e+06  2.467762e+06  9.531170e+02 
3.823913e-02  1.876255e-05  2.468714e+06  2.467761e+06  9.531169e+02 
3.880201e-02  1.876255e-05  2.468714e+06  2.467761e+06  9.531169e+02 
3.936488e-02  1.876255e-05  2.468714e+06  2.467761e+06  9.531168e+02 
3.992776e-02  1.876255e-05  2.468713e+06  2.467760e+06  9.531168e+02 
4.049064e-02  1.876255e-05  2.468713e+06  2.467760e+06  9.531167e+02 
4.105351e-02  1.876255e-05  2.468713e+06  2.467760e+06  9.531167e+02 
4.161639e-02  1.876255e-05  2.468712e+06  2.467759e+06  9.531166e+02 
4.217927e-02  1.876255e-05  2.468712e+06  2.467759e+06  9.531166e+02 
4.274214e-02  1.876255e-05  2.468712e+06  2.467759e+06  9.531166e+02 
4.330502e-02  1.876255e-05  2.468711e+06  2.467758e+06  9.531165e+02 
4.386790e-02  1.876255e-05  2.468711e+06  2.467758e+06  9.531165e+02 
4.443077e-02  1.876255e-05  2.468711e+06  2.467758e+06  9.531164e+02 
4.499365e-02  1.876255e-05  2.468710e+06  2.467757e+06  9.531164e+02 
4.555652e-02  1.876255e-05  2.468710e+06  2.467757e+06  9.531163e+02 
4.611940e-02  1.876255e-05  2.468710e+06  2.467756e+06  9.531163e+02 
4.668228e-02  1.876255e-05  2.468709e+06  2.467756e+06  9.531163e+02 
4.724515e-02  1.876255e-05  2.468709e+06  2.467756e+06  9.531162e+02 
4.780803e-02  1.876255e-05  2.468709e+06  2.467755e+06  9.531162e+02 
4.837091e-02  1.876255e-05  2.468708e+06  2.467755e+06  9.531161e+02 
4.893378e-02  1.876255e-05  2.468708e+06  2.467755e+06  9.531161e+02 
4.949666e-02  1.876255e-05  2.468707e+06  2.467754e+06  9.531161e+02 
5.005954e-02  1.876255e-05  2.468707e+06  2.467754e+06  9.531160e+02 
5.062241e-02  1.876255e-05  2.468707e+06  2.467754e+06  9.531160e+02 
5.118529e-02  1.876255e-05  2.468706e+06  2.467753e+06  9.531159e+02 
5.174817e-02  1.876255e-05  2.468706e+06  2.467753e+06  9.531159e+02 
5.231104e-02  1.876255e-05  2.468706e+06  2.467753e+06  9.531159e+02 
5.287392e-02  1.876255e-05  2.468705e+06  2.467752e+06  9.531158e+02 
5.343679e-02  1.876255e-05  2.468705e+06  2.467752e+06  9.531158e+02 
5.399967e-02  1.876255e-05  2.468705e+06  2.467752e+06  9.531158e+02 
5.456255e-02  1.876255e-05  2.468704e+06  2.467751e+06  9.531157e+02 
5.512542e-02  1.876255e-05  2.468704e+06  2.467751e+06  9.531157e+02 
5.568830e-02  1.876255e-05  2.468704e+06  2.467750e+06  9.531157e+02 
5.625118e-02  1.876255e-05  2.468703e+06  2.467750e+06  9.531156e+02 
5.681405e-02  1.876255e-05  2.468703e+06  2.467750e+06  9.531156e+02 
5.737693e-02  1.876255e-05  2.468702e+06  2.467749e+06  9.531156e+02 
5.793981e-02  1.876255e-05  2.468702e+06  2.467749e+06  9.531155e+02 
5.850268e-02  1.876255e-05  2.468702e+06  2.467749e+06  9.531155e+02 
5.906556e-02  1.876255e-05  2.468701e+06  2.467748e+06  9.531155e+02 
5.962843e-02  1.876255e-05  2.468701e+06  2.467748e+06  9.531154e+02 
6.019131e-02  1.876255e-05  2.468701e+06  2.467748e+06  9.531154e+02 
6.075419e-02  1.876255e-05  2.468700e+06  2.467747e+06  9.531154e+02 
6.131706e-02  1.876255e-05  2.468700e+06  2.467747e+06  9.531153e+02 
6.187994e-02  1.876255e-05  2.468700e+06  2.467746e+06  9.531153e+02 
6.244282e-02  1.876255e-05  2.468699e+06  2.467746e+06  9.531153e+02 
6.300569e-02  1.876255e-05  2.468699e+06  2.467746e+06  9.531152e+02 
6.356857e-02  1.876255e-05  2.468698e+06  2.467745e+06  9.531152e+02 
6.413145e-02  1.876255e-05  2.468698e+06  2.467745e+06  9.531152e+02 
6.469432e-02  1.876255e-05  2.468698e+06  2.467745e+06  9.531151e+02 
6.525720e-02  1.876255e-05  2.468697e+06  2.467744e+06  9.531151e+02 
6.582008e-02  1.876255e-05  2.468697e+06  2.467744e+06  9.531151e+02 
6.638295e-02  1.876255e-05  2.468697e+06  2.467743e+06  9.531151e+02 
6.694583e-02  1.876255e-05  2.468696e+06  2.467743e+06  9.531150e+02 
6.750870e-02  1.876255e-05  2.468696e+06  2.467743e+06  9.531150e+02 
6.807158e-02  1.876255e-05  2.468695e+06  2.467742e+06  9.531150e+02 
6.863446e-02  1.876255e-05  2.468695e+06  2.467742e+06  9.531149e+02 
6.919733e-02  1.876255e-05  2.468695e+06  2.467741e+06  9.531149e+02 
6.976021e-02  1.876255e-05  2.468694e+06  2.467741e+06  9.531149e+02 
7.032309e-02  1.876255e-05  2.468694e+06  2.467741e+06  9.531148e+02 
7.088596e-02  1.876255e-05  2.468693e+06  2.467740e+06  9.531148e+02 
7.144884e-02  1.876255e-05  2.468693e+06  2.467740e+06  9.531148e+02 
7.201172e-02  1.876255e-05  2.468693e+06  2.467740e+06  9.531148e+02 
7.257459e-02  1.876255e-05  2.468692e+06  2.467739e+06  9.531147e+02 
7.313747e-02  1.876255e-05  2.468692e+06  2.467739e+06  9.531147e+02 
7.370035e-02  1.876255e-05  2.468691e+06  2.467738e+06  9.531147e+02 
7.426322e-02  1.876255e-05  2.468691e+06  2.467738e+06  9.531146e+02 
7.482610e-02  1.876255e-05  2.468691e+06  2.467738e+06  9.531146e+02 
7.538897e-02  1.876255e-05  2.468690e+06  2.467737e+06  9.531146e+02 
7.595185e-02  1.876255e-05  2.468690e+06  2.467737e+06  9.531145e+02 
7.651473e-02  1.876255e-05  2.468689e+06  2.467736e+06  9.531145e+02 
7.707760e-02  1.876255e-05  2.468689e+06  2.467736e+06  9.531145e+02 
7.764048e-02  1.876255e-05  2.468689e+06  2.467736e+06  9.531144e+02 
7.820336e-02  1.876255e-05  2.468688e+06  2.467735e+06  9.531144e+02 
7.876623e-02  1.876255e-05  2.468688e+06  2.467735e+06  9.531144e+02 
7.932911e-02  1.876255e-05  2.468687e+06  2.467734e+06  9.531144e+02 
7.989199e-02  1.876255e-05  2.468687e+06  2.467734e+06  9.531143e+02 
8.045486e-02  1.876255e-05  2.468687e+06  2.467734e+06  9.531143e+02 
8.101774e-02  1.876255e-05  2.468686e+06  2.467733e+06  9.531143e+02 
8.158062e-02  1.876255e-05  2.468686e+06  2.467733e+06  9.531142e+02 
8.214349e-02  1.876255e-05  2.468685e+06  2.467732e+06  9.531142e+02 
8.270637e-02  1.876255e-05  2.468685e+06  2.467732e+06  9.531142e+02 
8.326924e-02  1.876255e-05  2.468685e+06  2.467731e+06  9.531141e+02 
8.383212e-02  1.876255e-05  2.468684e+06  2.467731e+06  9.531141e+02 
8.439500e-02  1.876255e-05  2.468684e+06  2.467731e+06  9.531141e+02 
8.495787e-02  1.876255e-05  2.468683e+06  2.467730e+06  9.531140e+02 
8.552075e-02  1.876255e-05  2.468683e+06  2.467730e+06  9.531140e+02 
8.608363e-02  1.876255e-05  2.468682e+06  2.467729e+06  9.531140e+02 
8.664650e-02  1.876255e-05  2.468682e+06  2.467729e+06  9.531139e+02 
8.720938e-02  1.876255e-05  2.468682e+06  2.467729e+06  9.531139e+02 
8.777226e-02  1.876255e-05  2.468681e+06  2.467728e+06  9.531139e+02 
8.833513e-02  1.876255e-05  2.468681e+06  2.467728e+06  9.531138e+02 
8.889801e-02  1.876255e-05  2.468680e+06  2.467727e+06  9.531138e+02 
8.946089e-02  1.876255e-05  2.468680e+06  2.467727e+06  9.531137e+02 
9.002376e-02  1.876255e-05  2.468679e+06  2.467726e+06  9.531137e+02 
9.058664e-02  1.876255e-05  2.468679e+06  2.467726e+06  9.531137e+02 
9.114951e-02  1.876255e-05  2.468679e+06  2.467726e+06  9.531136e+02 
9.171239e-02  1.876255e-05  2.468678e+06  2.467725e+06  9.531136e+02 
9.227527e-02  1.876255e-05  2.468678e+06  2.467725e+06  9.531135e+02 
9.283814e-02  1.876255e-05  2.468677e+06  2.467724e+06  9.531135e+02 
9.340102e-02  1.876255e-05  2.468677e+06  2.467724e+06  9.531135e+02 
9.396390e-02  1.876255e-05  2.468676e+06  2.467723e+06  9.531134e+02 
9.452677e-02  1.876255e-05  2.468676e+06  2.467723e+06  9.531134e+02 
9.508965e-02  1.876255e-05  2.468676e+06  2.467722e+06  9.531133e+02 
9.565253e-02  1.876255e-05  2.468675e+06  2.467722e+06  9.531133e+02 
9.621540e-02  1.876255e-05  2.468675e+06  2.467722e+06  9.531132e+02 
9.677828e-02  1.876255e-05  2.468674e+06  2.467721e+06  9.531132e+02 
9.734116e-02  1.876255e-05  2.468674e+06  2.467721e+06  9.531132e+02 
9.790403e-02  1.876255e-05  2.468673e+06  2.467720e+06  9.531131e+02 
9.846691e-02  1.876255e-05  2.468673e+06  2.467720e+06  9.531131e+02 
9.902978e-02  1.876255e-05  2.468672e+06  2.467719e+06  9.531130e+02 
9.959266e-02  1.876255e-05  2.468672e+06  2.467719e+06  9.531130e+02 
1.001555e-01  1.876255e-05  2.468672e+06  2.467718e+06  9.531129e+02 
1.007184e-01  1.876255e-05  2.468671e+06  2.467718e+06  9.531129e+02 
1.012813e-01  1.876255e-05  2.468671e+06  2.467718e+06  9.531128e+02 
1.018442e-01  1.876255e-05  2.468670e+06  2.467717e+06  9.531128e+02 
1.024070e-01  1.876255e-05  2.468670e+06  2.467717e+06  9.531127e+02 
1.029699e-01  1.876255e-05  2.468669e+06  2.467716e+06  9.531127e+02 
1.035328e-01  1.876255e-05  2.468669e+06  2.467716e+06  9.531126e+02 
1.040957e-01  1.876255e-05  2.468668e+06  2.467715e+06  9.531125e+02 
1.046585e-01  1.876255e-05  2.468668e+06  2.467715e+06  9.531125e+02 
1.052214e-01  1.876255e-05  2.468667e+06  2.467714e+06  9.531124e+02 
1.057843e-01  1.876255e-05  2.468667e+06  2.467714e+06  9.531124e+02 
1.063472e-01  1.876255e-05  2.468666e+06  2.467713e+06  9.531123e+02 
1.069101e-01  1.876255e-05  2.468666e+06  2.467713e+06  9.531123e+02 
1.074729e-01  1.876255e-05  2.468666e+06  2.467712e+06  9.531122e+02 
1.080358e-01  1.876255e-05  2.468665e+06  2.467712e+06  9.531121e+02 
1.085987e-01  1.876255e-05  2.468665e+06  2.467711e+06  9.531121e+02 
1.091616e-01  1.876255e-05  2.468664e+06  2.467711e+06  9.531120e+02 
1.097244e-01  1.876255e-05  2.468664e+06  2.467711e+06  9.531119e+02 
1.102873e-01  1.876255e-05  2.468663e+06  2.467710e+06  9.531119e+02 
1.108502e-01  1.876255e-05  2.468663e+06  2.467710e+06  9.531118e+02 
1.114131e-01  1.876255e-05  2.468662e+06  2.467709e+06  9.531117e+02 
1.119759e-01  1.876255e-05  2.468662e+06  2.467709e+06  9.531117e+02 
1.125388e-01  1.876255e-05  2.468661e+06  2.467708e+06  9.531116e+02 
1.131017e-01  1.876255e-05  2.468661e+06  2.467708e+06  9.531115e+02 
1.136646e-01  1.876255e-05  2.468660e+06  2.467707e+06  9.531115e+02 
1.142274e-01  1.876255e-05  2.468660e+06  2.467707e+06  9.531114e+02 
1.147903e-01  1.876255e-05  2.468659e+06  2.467706e+06  9.531113e+02 
1.153532e-01  1.876255e-05  2.468659e+06  2.467706e+06  9.531112e+02 
1.159161e-01  1.876255e-05  2.468658e+06  2.467705e+06  9.531112e+02 
1.164790e-01  1.876255e-05  2.468658e+06  2.467705e+06  9.531111e+02 
1.170418e-01  1.876255e-05  2.468657e+06  2.467704e+06  9.531110e+02 
1.176047e-01  1.876255e-05  2.468657e+06  2.467704e+06  9.531109e+02 
1.181676e-01  1.876255e-05  2.468656e+06  2.467703e+06  9.531108e+02 
1.187305e-01  1.876255e-05  2.468656e+06  2.467703e+06  9.531107e+02 
1.192933e-01  1.876255e-05  2.468655e+06  2.467702e+06  9.531107e+02 
1.198562e-01  1.876255e-05  2.468655e+06  2.467702e+06  9.531106e+02 
1.204191e-01  1.876255e-05  2.468654e+06  2.467701e+06  9.531105e+02 
1.209820e-01  1.876255e-05  2.468654e+06  2.467701e+06  9.531104e+02 
1.215448e-01  1.876255e-05  2.468653e+06  2.467700e+06  9.531103e+02 
1.221077e-01  1.876255e-05  2.468653e+06  2.467700e+06  9.531102e+02 
1.226706e-01  1.876255e-05  2.468652e+06  2.467699e+06  9.531101e+02 
1.232335e-01  1.876255e-05  2.468652e+06  2.467699e+06  9.531100e+02 
1.237963e-01  1.876255e-05  2.468651e+06  2.467698e+06  9.531099e+02 
1.243592e-01  1.876255e-05  2.468651e+06  2.467698e+06  9.531099e+02 
1.249221e-01  1.876255e-05  2.468650e+06  2.467697e+06  9.531098e+02 
1.254850e-01  1.876255e-05  2.468650e+06  2.467697e+06  9.531097e+02 
1.260479e-01  1.876255e-05  2.468649e+06  2.467696e+06  9.531096e+02 
1.266107e-01  1.876255e-05  2.468649e+06  2.467696e+06  9.531095e+02 
1.271736e-01  1.876255e-05  2.468648e+06  2.467695e+06  9.531094e+02 
1.277365e-01  1.876255e-05  2.468648e+06  2.467695e+06  9.531093e+02 
1.282994e-01  1.876255e-05  2.468647e+06  2.467694e+06  9.531092e+02 
1.288622e-01  1.876255e-05  2.468647e+06  2.467694e+06  9.531090e+02 
1.294251e-01  1.876255e-05  2.468646e+06  2.467693e+06  9.531089e+02 
1.299880e-01  1.876255e-05  2.468646e+06  2.467693e+06  9.531088e+02 
1.305509e-01  1.876255e-05  2.468645e+06  2.467692e+06  9.531087e+02 
1.311137e-01  1.876255e-05  2.468645e+06  2.467692e+06  9.531086e+02 
1.316766e-01  1.876255e-05  2.468644e+06  2.467691e+06  9.531085e+02 
1.322395e-01  1.876255e-05  2.468644e+06  2.467690e+06  9.531084e+02 
1.328024e-01  1.876255e-05  2.468643e+06  2.467690e+06  9.531083e+02 
1.333652e-01  1.876255e-05  2.468643e+06  2.467689e+06  9.531082e+02 
1.339281e-01  1.876255e-05  2.468642e+06  2.467689e+06  9.531080e+02 
1.344910e-01  1.876255e-05  2.468641e+06  2.467688e+06  9.531079e+02 
1.350539e-01  1.876255e-05  2.468641e+06  2.467688e+06  9.531078e+02 
1.356168e-01  1.876255e-05  2.468640e+06  2.467687e+06  9.531077e+02 
1.361796e-01  1.876255e-05  2.468640e+06  2.467687e+06  9.531076e+02 
1.367425e-01  1.876255e-05  2.468639e+06  2.467686e+06  9.531074e+02 
1.373054e-01  1.876255e-05  2.468639e+06  2.467686e+06  9.531073e+02 
1.378683e-01  1.876255e-05  2.468638e+06  2.467685e+06  9.531072e+02 
1.384311e-01  1.876255e-05  2.468638e+06  2.467685e+06  9.531071e+02 
1.389940e-01  1.876255e-05  2.468637e+06  2.467684e+06  9.531069e+02 
1.395569e-01  1.876255e-05  2.468637e+06  2.467684e+06  9.531068e+02 
1.401198e-01  1.876255e-05  2.468636e+06  2.467683e+06  9.531067e+02 
1.406826e-01  1.876255e-05  2.468636e+06  2.467683e+06  9.531065e+02 
1.412455e-01  1.876255e-05  2.468635e+06  2.467682e+06  9.531064e+02 
1.418084e-01  1.876255e-05  2.468635e+06  2.467681e+06  9.531063e+02 
1.423713e-01  1.876255e-05  2.468634e+06  2.467681e+06  9.531061e+02 
1.429341e-01  1.876255e-05  2.468633e+06  2.467680e+06  9.531060e+02 
1.434970e-01  1.876255e-05  2.468633e+06  2.467680e+06  9.531058e+02 
1.440599e-01  1.876255e-05  2.468632e+06  2.467679e+06  9.531057e+02 
1.446228e-01  1.876255e-05  2.468632e+06  2.467679e+06  9.531056e+02 
1.451857e-01  1.876255e-05  2.468631e+06  2.467678e+06  9.531054e+02 
1.457485e-01  1.876255e-05  2.468631e+06  2.467678e+06  9.531053e+02 
1.463114e-01  1.876255e-05  2.468630e+06  2.467677e+06  9.531051e+02 
1.468743e-01  1.876255e-05  2.468630e+06  2.467677e+06  9.531050e+02 
1.474372e-01  1.876255e-05  2.468629e+06  2.467676e+06  9.531048e+02 
1.480000e-01  1.876255e-05  2.468629e+06  2.467675e+06  9.531047e+02 
1.485629e-01  1.876255e-05  2.468628e+06  2.467675e+06  9.531045e+02 
1.491258e-01  1.876255e-05  2.468627e+06  2.467674e+06  9.531044e+02 
1.496887e-01  1.876255e-05  2.468627e+06  2.467674e+06  9.531042e+02 
1.502515e-01  1.876255e-05  2.468626e+06  2.467673e+06  9.531040e+02 
1.508144e-01  1.876255e-05  2.468626e+06  2.467673e+06  9.531039e+02 
1.513773e-01  1.876255e-05  2.468625e+06  2.467672e+06  9.531037e+02 
1.519402e-01  1.876255e-05  2.468625e+06  2.467672e+06  9.531035e+02 
1.525030e-01  1.876255e-05  2.468624e+06  2.467671e+06  9.531034e+02 
1.530659e-01  1.876255e-05  2.468624e+06  2.467670e+06  9.531032e+02 
1.536288e-01  1.876255e-05  2.468623e+06  2.467670e+06  9.531030e+02 
1.541917e-01  1.876255e-05  2.468622e+06  2.467669e+06  9.531029e+02 
1.547546e-01  1.876255e-05  2.468622e+06  2.467669e+06  9.531027e+02 
1.553174e-01  1.876255e-05  2.468621e+06  2.467668e+06  9.531025e+02 
1.558803e-01  1.876255e-05  2.468621e+06  2.467668e+06  9.531024e+02 
1.564432e-01  1.876255e-05  2.468620e+06  2.467667e+06  9.531022e+02 
1.570061e-01  1.876255e-05  2.468620e+06  2.467667e+06  9.531020e+02 
1.575689e-01  1.876255e-05  2.468619e+06  2.467666e+06  9.531018e+02 
1.581318e-01  1.876255e-05  2.468619e+06  2.467665e+06  9.531016e+02 
1.586947e-01  1.876255e-05  2.468618e+06  2.467665e+06  9.531014e+02 
1.592576e-01  1.876255e-05  2.468617e+06  2.467664e+06  9.531013e+02 
1.598204e-01  1.876255e-05  2.468617e+06  2.467664e+06  9.531011e+02 
1.603833e-01  1.876255e-05  2.468616e+06  2.467663e+06  9.531009e+02 
1.609462e-01  1.876255e-05  2.468616e+06  2.467663e+06  9.531007e+02 
1.615091e-01  1.876255e-05  2.468615e+06  2.467662e+06  9.531005e+02 
1.620719e-01  1.876255e-05  2.468615e+06  2.467661e+06  9.531003e+02 
1.626348e-01  1.876255e-05  2.468614e+06  2.467661e+06  9.531001e+02 
1.631977e-01  1.876255e-05  2.468613e+06  2.467660e+06  9.530999e+02 
1.637606e-01  1.876255e-05  2.468613e+06  2.467660e+06  9.530997e+02 
1.643234e-01  1.876255e-05  2.468612e+06  2.467659e+06  9.530995e+02 
1.648863e-01  1.876255e-05  2.468612e+06  2.467659e+06  9.530993e+02 
1.654492e-01  1.876255e-05  2.468611e+06  2.467658e+06  9.530991e+02 
1.660121e-01  1.876255e-05  2.468611e+06  2.467657e+06  9.530989e+02 
1.665750e-01  1.876255e-05  2.468610e+06  2.467657e+06  9.530987e+02 
1.671378e-01  1.876255e-05  2.468609e+06  2.467656e+06  9.530985e+02 
1.677007e-01  1.876255e-05  2.468609e+06  2.467656e+06  9.530983e+02 
1.682636e-01  1.876255e-05  2.468608e+06  2.467655e+06  9.530980e+02 
1.688265e-01  1.876255e-05  2.468608e+06  2.467655e+06  9.530978e+02 
1.693893e-01  1.876255e-05  2.468607e+06  2.467654e+06  9.530976e+02 
1.699522e-01  1.876255e-05  2.468606e+06  2.467653e+06  9.530974e+02 
1.705151e-01  1.876255e-05  2.468606e+06  2.467653e+06  9.530972e+02 
1.710780e-01  1.876255e-05  2.468605e+06  2.467652e+06  9.530970e+02 
1.716408e-01  1.876255e-05  2.468605e+06  2.467652e+06  9.530967e+02 
1.722037e-01  1.876255e-05  2.468604e+06  2.467651e+06  9.530965e+02 
1.727666e-01  1.876255e-05  2.468604e+06  2.467650e+06  9.530963e+02 
1.733295e-01  1.876255e-05  2.468603e+06  2.467650e+06  9.530960e+02 
1.738923e-01  1.876255e-05  2.468602e+06  2.467649e+06  9.530958e+02 
1.744552e-01  1.876255e-05  2.468602e+06  2.467649e+06  9.530956e+02 
1.750181e-01  1.876255e-05  2.468601e+06  2.467648e+06  9.530953e+02 
1.755810e-01  1.876255e-05  2.468601e+06  2.467648e+06  9.530951e+02 
1.761439e-01  1.876255e-05  2.468600e+06  2.467647e+06  9.530949e+02 
1.767067e-01  1.876255e-05  2.468600e+06  2.467646e+06  9.530946e+02 
1.772696e-01  1.876255e-05  2.468599e+06  2.467646e+06  9.530944e+02 
1.778325e-01  1.876255e-05  2.468598e+06  2.467645e+06  9.530941e+02 
1.783954e-01  1.876255e-05  2.468598e+06  2.467645e+06  9.530939e+02 
1.789582e-01  1.876255e-05  2.468597e+06  2.467644e+06  9.530936e+02 
1.795211e-01  1.876255e-05  2.468597e+06  2.467643e+06  9.530934e+02 
1.800840e-01  1.876255e-05  2.468596e+06  2.467643e+06  9.530931e+02 
1.806469e-01  1.876255e-05  2.468595e+06  2.467642e+06  9.530929e+02 
1.812097e-01  1.876255e-05  2.468595e+06  2.467642e+06  9.530926e+02 
1.817726e-01  1.876255e-05  2.468594e+06  2.467641e+06  9.530923e+02 
1.823355e-01  1.876255e-05  2.468594e+06  2.467641e+06  9.530921e+02 
1.828984e-01  1.876255e-05  2.468593e+06  2.467640e+06  9.530918e+02 
1.834612e-01  1.876255e-05  2.468592e+06  2.467639e+06  9.530915e+02 
1.840241e-01  1.876255e-05  2.468592e+06  2.467639e+06  9.530913e+02 
1.845870e-01  1.876255e-05  2.468591e+06  2.467638e+06  9.530910e+02 
1.851499e-01  1.876255e-05  2.468591e+06  2.467638e+06  9.530907e+02 
1.857128e-01  1.876255e-05  2.468590e+06  2.467637e+06  9.530905e+02 
1.862756e-01  1.876255e-05  2.468590e+06  2.467636e+06  9.530902e+02 
1.868385e-01  1.876255e-05  2.468589e+06  2.467636e+06  9.530899e+02 
1.874014e-01  1.876255e-05  2.468588e+06  2.467635e+06  9.530896e+02 
1.879643e-01  1.876255e-05  2.468588e+06  2.467635e+06  9.530893e+02 
1.885271e-01  1.876255e-05  2.468587e+06  2.467634e+06  9.530891e+02 
1.890900e-01  1.876255e-05  2.468587e+06  2.467633e+06  9.530888e+02 
1.896529e-01  1.876255e-05  2.468586e+06  2.467633e+06  9.530885e+02 
1.902158e-01  1.876255e-05  2.468585e+06  2.467632e+06  9.530882e+02 
1.907786e-01  1.876255e-05  2.468585e+06  2.467632e+06  9.530879e+02 
1.913415e-01  1.876255e-05  2.468584e+06  2.467631e+06  9.530876e+02 
1.919044e-01  1.876255e-05  2.468584e+06  2.467630e+06  9.530873e+02 
1.924673e-01  1.876255e-05  2.468583e+06  2.467630e+06  9.530870e+02 
1.930301e-01  1.876255e-05  2.468582e+06  2.467629e+06  9.530867e+02 
1.935930e-01  1.876255e-05  2.468582e+06  2.467629e+06  9.530864e+02 
1.941559e-01  1.876255e-05  2.468581e+06  2.467628e+06  9.530861e+02 
1.947188e-01  1.876255e-05  2.468581e+06  2.467628e+06  9.530858e+02 
1.952817e-01  1.876255e-05  2.468580e+06  2.467627e+06  9.530855e+02 
1.958445e-01  1.876255e-05  2.468579e+06  2.467626e+06  9.530852e+02 
1.964074e-01  1.876255e-05  2.468579e+06  2.467626e+06  9.530848e+02 
1.969703e-01  1.876255e-05  2.468578e+06  2.467625e+06  9.530845e+02 
1.975332e-01  1.876255e-05  2.468578e+06  2.467625e+06  9.530842e+02 
1.980960e-01  1.876255e-05  2.468577e+06  2.467624e+06  9.530839e+02 
1.986589e-01  1.876255e-05  2.468576e+06  2.467623e+06  9.530836e+02 
1.992218e-01  1.876255e-05  2.468576e+06  2.467623e+06  9.530832e+02 
1.997847e-01  1.876255e-05  2.468575e+06  2.467622e+06  9.530829e+02 
2.003475e-01  1.876255e-05  2.468575e+06  2.467622e+06  9.530826e+02 
2.009104e-01  1.876255e-05  2.468574e+06  2.467621e+06  9.530823e+02 
2.014733e-01  1.876255e-05  2.468573e+06  2.467620e+06  9.530819e+02 
2.020362e-01  1.876255e-05  2.468573e+06  2.467620e+06  9.530816e+02 
2.025990e-01  1.876255e-05  2.468572e+06  2.467619e+06  9.530812e+02 
2.031619e-01  1.876255e-05  2.468572e+06  2.467619e+06  9.530809e+02 
2.037248e-01  1.876255e-05  2.468571e+06  2.467618e+06  9.530806e+02 
2.042877e-01  1.876255e-05  2.468570e+06  2.467617e+06  9.530802e+02 
2.048506e-01  1.876255e-05  2.468570e+06  2.467617e+06  9.530799e+02 
2.054134e-01  1.876255e-05  2.468569e+06  2.467616e+06  9.530795e+02 
2.059763e-01  1.876255e-05  2.468569e+06  2.467616e+06  9.530792e+02 
2.065392e-01  1.876255e-05  2.468568e+06  2.467615e+06  9.530788e+02 
2.071021e-01  1.876255e-05  2.468567e+06  2.467614e+06  9.530784e+02 
2.076649e-01  1.876255e-05  2.468567e+06  2.467614e+06  9.530781e+02 
2.082278e-01  1.876255e-05  2.468566e+06  2.467613e+06  9.530777e+02 
2.087907e-01  1.876255e-05  2.468566e+06  2.467613e+06  9.530774e+02 
2.093536e-01  1.876255e-05  2.468565e+06  2.467612e+06  9.530770e+02 
2.099164e-01  1.876255e-05  2.468564e+06  2.467611e+06  9.530766e+02 
2.104793e-01  1.876255e-05  2.468564e+06  2.467611e+06  9.530762e+02 
2.110422e-01  1.876255e-05  2.468563e+06  2.467610e+06  9.530759e+02 
2.116051e-01  1.876255e-05  2.468563e+06  2.467610e+06  9.530755e+02 
2.121679e-01  1.876255e-05  2.468562e+06  2.467609e+06  9.530751e+02 
2.127308e-01  1.876255e-05  2.468561e+06  2.467608e+06  9.530747e+02 
2.132937e-01  1.876255e-05  2.468561e+06  2.467608e+06  9.530743e+02 
2.138566e-01  1.876255e-05  2.468560e+06  2.467607e+06  9.530740e+02 
2.144195e-01  1.876255e-05  2.468560e+06  2.467607e+06  9.530736e+02 
2.149823e-01  1.876255e-05  2.468559e+06  2.467606e+06  9.530732e+02 
2.155452e-01  1.876255e-05  2.468558e+06  2.467605e+06  9.530728e+02 
2.161081e-01  1.876255e-05  2.468558e+06  2.467605e+06  9.530724e+02 
2.166710e-01  1.876255e-05  2.468557e+06  2.467604e+06  9.530720e+02 
2.172338e-01  1.876255e-05  2.468557e+06  2.467604e+06  9.530716e+02 
2.177967e-01  1.876255e-05  2.468556e+06  2.467603e+06  9.530712e+02 
2.183596e-01  1.876255e-05  2.468555e+06  2.467602e+06  9.530708e+02 
2.189225e-01  1.876255e-05  2.468555e+06  2.467602e+06  9.530704e+02 
2.194853e-01  1.876255e-05  2.468554e+06  2.467601e+06  9.530700e+02 
2.200482e-01  1.876255e-05  2.468554e+06  2.467601e+06  9.530695e+02 
2.206111e-01  1.876255e-05  2.468553e+06  2.467600e+06  9.530691e+02 
2.211740e-01  1.876255e-05  2.468552e+06  2.467599e+06  9.530687e+02 
2.217368e-01  1.876255e-05  2.468552e+06  2.467599e+06  9.530683e+02 
2.222997e-01  1.876255e-05  2.468551e+06  2.467598e+06  9.530679e+02 
2.228626e-01  1.876255e-05  2.468551e+06  2.467598e+06  9.530674e+02 
2.234255e-01  1.876255e-05  2.468550e+06  2.467597e+06  9.530670e+02 
2.239883e-01  1.876255e-05  2.468549e+06  2.467596e+06  9.530666e+02 
2.245512e-01  1.876255e-05  2.468549e+06  2.467596e+06  9.530661e+02 
2.251141e-01  1.876255e-05  2.468548e+06  2.467595e+06  9.530657e+02 
2.256770e-01  1.876255e-05  2.468548e+06  2.467595e+06  9.530653e+02 
2.262399e-01  1.876255e-05  2.468547e+06  2.467594e+06  9.530648e+02 
2.268027e-01  1.876255e-05  2.468546e+06  2.467593e+06  9.530644e+02 
2.273656e-01  1.876255e-05  2.468546e+06  2.467593e+06  9.530639e+02 
2.279285e-01  1.876255e-05  2.468545e+06  2.467592e+06  9.530635e+02 
2.284914e-01  1.876255e-05  2.468545e+06  2.467592e+06  9.530630e+02 
2.290542e-01  1.876255e-05  2.468544e+06  2.467591e+06  9.530626e+02 
2.296171e-01  1.876255e-05  2.468544e+06  2.467590e+06  9.530621e+02 
2.301800e-01  1.876255e-05  2.468543e+06  2.467590e+06  9.530617e+02 
2.307429e-01  1.876255e-05  2.468542e+06  2.467589e+06  9.530612e+02 
2.313057e-01  1.876255e-05  2.468542e+06  2.467589e+06  9.530608e+02 
2.318686e-01  1.876255e-05  2.468541e+06  2.467588e+06  9.530603e+02 
2.324315e-01  1.876255e-05  2.468541e+06  2.467587e+06  9.530598e+02 
2.329944e-01  1.876255e-05  2.468540e+06  2.467587e+06  9.530593e+02 
2.335572e-01  1.876255e-05  2.468539e+06  2.467586e+06  9.530589e+02 
2.341201e-01  1.876255e-05  2.468539e+06  2.467586e+06  9.530584e+02 
2.346830e-01  1.876255e-05  2.468538e+06  2.467585e+06  9.530579e+02 
2.352459e-01  1.876255e-05  2.468538e+06  2.467585e+06  9.530574e+02 
2.358088e-01  1.876255e-05  2.468537e+06  2.467584e+06  9.530569e+02 
2.363716e-01  1.876255e-05  2.468536e+06  2.467583e+06  9.530565e+02 
2.369345e-01  1.876255e-05  2.468536e+06  2.467583e+06  9.530560e+02 
2.374974e-01  1.876255e-05  2.468535e+06  2.467582e+06  9.530555e+02 
2.380603e-01  1.876255e-05  2.468535e+06  2.467582e+06  9.530550e+02 
2.386231e-01  1.876255e-05  2.468534e+06  2.467581e+06  9.530545e+02 
2.391860e-01  1.876255e-05  2.468533e+06  2.467580e+06  9.530540e+02 
2.397489e-01  1.876255e-05  2.468533e+06  2.467580e+06  9.530535e+02 
2.403118e-01  1.876255e-05  2.468532e+06  2.467579e+06  9.530530e+02 
2.408746e-01  1.876255e-05  2.468532e+06  2.467579e+06  9.530525e+02 
2.414375e-01  1.876255e-05  2.468531e+06  2.467578e+06  9.530520e+02 
2.420004e-01  1.876255e-05  2.468530e+06  2.467577e+06  9.530514e+02 
2.425633e-01  1.876255e-05  2.468530e+06  2.467577e+06  9.530509e+02 
2.431261e-01  1.876255e-05  2.468529e+06  2.467576e+06  9.530504e+02 
2.436890e-01  1.876255e-05  2.468529e+06  2.467576e+06  9.530499e+02 
2.442519e-01  1.876255e-05  2.468528e+06  2.467575e+06  9.530494e+02 
2.448148e-01  1.876255e-05  2.468528e+06  2.467574e+06  9.530488e+02 
2.453777e-01  1.876255e-05  2.468527e+06  2.467574e+06  9.530483e+02 
2.459405e-01  1.876255e-05  2.468526e+06  2.467573e+06  9.530478e+02 
2.465034e-01  1.876255e-05  2.468526e+06  2.467573e+06  9.530472e+02 
2.470663e-01  1.876255e-05  2.468525e+06  2.467572e+06  9.530467e+02 
2.476292e-01  1.876255e-05  2.468525e+06  2.467572e+06  9.530462e+02 
2.481920e-01  1.876255e-05  2.468524e+06  2.467571e+06  9.530456e+02 
2.487549e-01  1.876255e-05  2.468523e+06  2.467570e+06  9.530451e+02 
2.493178e-01  1.876255e-05  2.468523e+06  2.467570e+06  9.530445e+02 
2.498807e-01  1.876255e-05  2.468522e+06  2.467569e+06  9.530440e+02 
2.504435e-01  1.876255e-05  2.468522e+06  2.467569e+06  9.530434e+02 
2.510064e-01  1.876255e-05  2.468521e+06  2.467568e+06  9.530429e+02 
2.515693e-01  1.876255e-05  2.468520e+06  2.467567e+06  9.530423e+02 
2.521322e-01  1.876255e-05  2.468520e+06  2.467567e+06  9.530417e+02 
2.526950e-01  1.876255e-05  2.468519e+06  2.467566e+06  9.530412e+02 
2.532579e-01  1.876255e-05  2.468519e+06  2.467566e+06  9.530406e+02 
2.538208e-01  1.876255e-05  2.468518e+06  2.467565e+06  9.530400e+02 
2.543837e-01  1.876255e-05  2.468518e+06  2.467564e+06  9.530395e+02 
2.549466e-01  1.876255e-05  2.468517e+06  2.467564e+06  9.530389e+02 
2.555094e-01  1.876255e-05  2.468516e+06  2.467563e+06  9.530383e+02 
2.560723e-01  1.876255e-05  2.468516e+06  2.467563e+06  9.530377e+02 
2.566352e-01  1.876255e-05  2.468515e+06  2.467562e+06  9.530371e+02 
2.571981e-01  1.876255e-05  2.468515e+06  2.467562e+06  9.530366e+02 
2.577609e-01  1.876255e-05  2.468514e+06  2.467561e+06  9.530360e+02 
2.583238e-01  1.876255e-05  2.468513e+06  2.467560e+06  9.530354e+02 
2.588867e-01  1.876255e-05  2.468513e+06  2.467560e+06  9.530348e+02 
2.594496e-01  1.876255e-05  2.468512e+06  2.467559e+06  9.530342e+02 
2.600124e-01  1.876255e-05  2.468512e+06  2.467559e+06  9.530336e+02 
2.605753e-01  1.876255e-05  2.468511e+06  2.467558e+06  9.530330e+02 
2.611382e-01  1.876255e-05  2.468511e+06  2.467557e+06  9.530324e+02 
2.617011e-01  1.876255e-05  2.468510e+06  2.467557e+06  9.530318e+02 
2.622639e-01  1.876255e-05  2.468509e+06  2.467556e+06  9.530311e+02 
2.628268e-01  1.876255e-05  2.468509e+06  2.467556e+06  9.530305e+02 
2.633897e-01  1.876255e-05  2.468508e+06  2.467555e+06  9.530299e+02 
2.639526e-01  1.876255e-05  2.468508e+06  2.467555e+06  9.530293e+02 
