   Radius        Density      Pressure     
2.000000e+03  1.995257e+15  1.076903e+36
3.000000e+03  1.995249e+15  1.076890e+36
4.000000e+03  1.995238e+15  1.076872e+36
5.000000e+03  1.995224e+15  1.076849e+36
6.000000e+03  1.995207e+15  1.076822e+36
7.000000e+03  1.995186e+15  1.076789e+36
8.000000e+03  1.995163e+15  1.076752e+36
9.000000e+03  1.995137e+15  1.076709e+36
1.000000e+04  1.995108e+15  1.076662e+36
1.100000e+04  1.995075e+15  1.076610e+36
1.200000e+04  1.995040e+15  1.076552e+36
1.300000e+04  1.995001e+15  1.076490e+36
1.400000e+04  1.994960e+15  1.076422e+36
1.500000e+04  1.994915e+15  1.076350e+36
1.600000e+04  1.994867e+15  1.076273e+36
1.700000e+04  1.994816e+15  1.076190e+36
1.800000e+04  1.994762e+15  1.076103e+36
1.900000e+04  1.994705e+15  1.076011e+36
2.000000e+04  1.994645e+15  1.075914e+36
2.100000e+04  1.994582e+15  1.075811e+36
2.200000e+04  1.994516e+15  1.075704e+36
2.300000e+04  1.994447e+15  1.075592e+36
2.400000e+04  1.994374e+15  1.075475e+36
2.500000e+04  1.994299e+15  1.075353e+36
2.600000e+04  1.994220e+15  1.075225e+36
2.700000e+04  1.994138e+15  1.075093e+36
2.800000e+04  1.994054e+15  1.074956e+36
2.900000e+04  1.993966e+15  1.074814e+36
3.000000e+04  1.993875e+15  1.074667e+36
3.100000e+04  1.993781e+15  1.074515e+36
3.200000e+04  1.993684e+15  1.074358e+36
3.300000e+04  1.993584e+15  1.074196e+36
3.400000e+04  1.993480e+15  1.074030e+36
3.500000e+04  1.993374e+15  1.073858e+36
3.600000e+04  1.993265e+15  1.073681e+36
3.700000e+04  1.993152e+15  1.073499e+36
3.800000e+04  1.993037e+15  1.073313e+36
3.900000e+04  1.992918e+15  1.073121e+36
4.000000e+04  1.992796e+15  1.072924e+36
4.100000e+04  1.992672e+15  1.072723e+36
4.200000e+04  1.992544e+15  1.072516e+36
4.300000e+04  1.992413e+15  1.072305e+36
4.400000e+04  1.992279e+15  1.072089e+36
4.500000e+04  1.992142e+15  1.071867e+36
4.600000e+04  1.992002e+15  1.071641e+36
4.700000e+04  1.991858e+15  1.071410e+36
4.800000e+04  1.991712e+15  1.071174e+36
4.900000e+04  1.991563e+15  1.070933e+36
5.000000e+04  1.991410e+15  1.070687e+36
5.100000e+04  1.991255e+15  1.070436e+36
5.200000e+04  1.991096e+15  1.070180e+36
5.300000e+04  1.990934e+15  1.069919e+36
5.400000e+04  1.990769e+15  1.069654e+36
5.500000e+04  1.990602e+15  1.069383e+36
5.600000e+04  1.990431e+15  1.069108e+36
5.700000e+04  1.990257e+15  1.068827e+36
5.800000e+04  1.990079e+15  1.068542e+36
5.900000e+04  1.989899e+15  1.068252e+36
6.000000e+04  1.989716e+15  1.067957e+36
6.100000e+04  1.989530e+15  1.067657e+36
6.200000e+04  1.989340e+15  1.067352e+36
6.300000e+04  1.989148e+15  1.067042e+36
6.400000e+04  1.988952e+15  1.066727e+36
6.500000e+04  1.988754e+15  1.066408e+36
6.600000e+04  1.988552e+15  1.066083e+36
6.700000e+04  1.988347e+15  1.065754e+36
6.800000e+04  1.988139e+15  1.065420e+36
6.900000e+04  1.987929e+15  1.065081e+36
7.000000e+04  1.987715e+15  1.064737e+36
7.100000e+04  1.987497e+15  1.064388e+36
7.200000e+04  1.987277e+15  1.064035e+36
7.300000e+04  1.987054e+15  1.063676e+36
7.400000e+04  1.986828e+15  1.063313e+36
7.500000e+04  1.986599e+15  1.062945e+36
7.600000e+04  1.986366e+15  1.062572e+36
7.700000e+04  1.986131e+15  1.062194e+36
7.800000e+04  1.985892e+15  1.061811e+36
7.900000e+04  1.985650e+15  1.061423e+36
8.000000e+04  1.985406e+15  1.061031e+36
8.100000e+04  1.985158e+15  1.060634e+36
8.200000e+04  1.984907e+15  1.060232e+36
8.300000e+04  1.984653e+15  1.059825e+36
8.400000e+04  1.984396e+15  1.059414e+36
8.500000e+04  1.984136e+15  1.058997e+36
8.600000e+04  1.983873e+15  1.058576e+36
8.700000e+04  1.983607e+15  1.058150e+36
8.800000e+04  1.983338e+15  1.057719e+36
8.900000e+04  1.983065e+15  1.057283e+36
9.000000e+04  1.982790e+15  1.056843e+36
9.100000e+04  1.982512e+15  1.056398e+36
9.200000e+04  1.982230e+15  1.055948e+36
9.300000e+04  1.981946e+15  1.055493e+36
9.400000e+04  1.981658e+15  1.055034e+36
9.500000e+04  1.981367e+15  1.054570e+36
9.600000e+04  1.981074e+15  1.054101e+36
9.700000e+04  1.980777e+15  1.053627e+36
9.800000e+04  1.980477e+15  1.053148e+36
9.900000e+04  1.980174e+15  1.052665e+36
1.000000e+05  1.979868e+15  1.052177e+36
1.010000e+05  1.979559e+15  1.051684e+36
1.020000e+05  1.979247e+15  1.051187e+36
1.030000e+05  1.978931e+15  1.050685e+36
1.040000e+05  1.978613e+15  1.050178e+36
1.050000e+05  1.978292e+15  1.049667e+36
1.060000e+05  1.977967e+15  1.049150e+36
1.070000e+05  1.977640e+15  1.048629e+36
1.080000e+05  1.977309e+15  1.048104e+36
1.090000e+05  1.976976e+15  1.047573e+36
1.100000e+05  1.976639e+15  1.047038e+36
1.110000e+05  1.976300e+15  1.046499e+36
1.120000e+05  1.975957e+15  1.045954e+36
1.130000e+05  1.975611e+15  1.045405e+36
1.140000e+05  1.975262e+15  1.044851e+36
1.150000e+05  1.974910e+15  1.044293e+36
1.160000e+05  1.974555e+15  1.043730e+36
1.170000e+05  1.974197e+15  1.043162e+36
1.180000e+05  1.973836e+15  1.042590e+36
1.190000e+05  1.973472e+15  1.042013e+36
1.200000e+05  1.973105e+15  1.041432e+36
1.210000e+05  1.972735e+15  1.040846e+36
1.220000e+05  1.972361e+15  1.040255e+36
1.230000e+05  1.971985e+15  1.039660e+36
1.240000e+05  1.971606e+15  1.039060e+36
1.250000e+05  1.971223e+15  1.038455e+36
1.260000e+05  1.970838e+15  1.037846e+36
1.270000e+05  1.970449e+15  1.037232e+36
1.280000e+05  1.970058e+15  1.036614e+36
1.290000e+05  1.969663e+15  1.035991e+36
1.300000e+05  1.969265e+15  1.035364e+36
1.310000e+05  1.968864e+15  1.034732e+36
1.320000e+05  1.968461e+15  1.034095e+36
1.330000e+05  1.968054e+15  1.033454e+36
1.340000e+05  1.967644e+15  1.032808e+36
1.350000e+05  1.967231e+15  1.032158e+36
1.360000e+05  1.966815e+15  1.031504e+36
1.370000e+05  1.966396e+15  1.030844e+36
1.380000e+05  1.965974e+15  1.030181e+36
1.390000e+05  1.965549e+15  1.029512e+36
1.400000e+05  1.965120e+15  1.028840e+36
1.410000e+05  1.964689e+15  1.028163e+36
1.420000e+05  1.964255e+15  1.027481e+36
1.430000e+05  1.963818e+15  1.026795e+36
1.440000e+05  1.963377e+15  1.026104e+36
1.450000e+05  1.962934e+15  1.025409e+36
1.460000e+05  1.962487e+15  1.024710e+36
1.470000e+05  1.962038e+15  1.024006e+36
1.480000e+05  1.961585e+15  1.023297e+36
1.490000e+05  1.961130e+15  1.022585e+36
1.500000e+05  1.960671e+15  1.021867e+36
1.510000e+05  1.960209e+15  1.021146e+36
1.520000e+05  1.959745e+15  1.020420e+36
1.530000e+05  1.959277e+15  1.019689e+36
1.540000e+05  1.958806e+15  1.018954e+36
1.550000e+05  1.958332e+15  1.018215e+36
1.560000e+05  1.957856e+15  1.017471e+36
1.570000e+05  1.957376e+15  1.016723e+36
1.580000e+05  1.956893e+15  1.015971e+36
1.590000e+05  1.956407e+15  1.015214e+36
1.600000e+05  1.955918e+15  1.014453e+36
1.610000e+05  1.955426e+15  1.013688e+36
1.620000e+05  1.954931e+15  1.012918e+36
1.630000e+05  1.954433e+15  1.012144e+36
1.640000e+05  1.953932e+15  1.011366e+36
1.650000e+05  1.953427e+15  1.010583e+36
1.660000e+05  1.952920e+15  1.009796e+36
1.670000e+05  1.952410e+15  1.009005e+36
1.680000e+05  1.951897e+15  1.008209e+36
1.690000e+05  1.951380e+15  1.007410e+36
1.700000e+05  1.950861e+15  1.006606e+36
1.710000e+05  1.950339e+15  1.005797e+36
1.720000e+05  1.949813e+15  1.004985e+36
1.730000e+05  1.949285e+15  1.004168e+36
1.740000e+05  1.948753e+15  1.003347e+36
1.750000e+05  1.948219e+15  1.002521e+36
1.760000e+05  1.947682e+15  1.001692e+36
1.770000e+05  1.947141e+15  1.000858e+36
1.780000e+05  1.946598e+15  1.000020e+36
1.790000e+05  1.946051e+15  9.991781e+35
1.800000e+05  1.945501e+15  9.983318e+35
1.810000e+05  1.944949e+15  9.974813e+35
1.820000e+05  1.944393e+15  9.966267e+35
1.830000e+05  1.943834e+15  9.957679e+35
1.840000e+05  1.943273e+15  9.949049e+35
1.850000e+05  1.942708e+15  9.940378e+35
1.860000e+05  1.942140e+15  9.931666e+35
1.870000e+05  1.941570e+15  9.922913e+35
1.880000e+05  1.940996e+15  9.914118e+35
1.890000e+05  1.940419e+15  9.905283e+35
1.900000e+05  1.939839e+15  9.896406e+35
1.910000e+05  1.939256e+15  9.887489e+35
1.920000e+05  1.938671e+15  9.878530e+35
1.930000e+05  1.938082e+15  9.869532e+35
1.940000e+05  1.937490e+15  9.860492e+35
1.950000e+05  1.936895e+15  9.851412e+35
1.960000e+05  1.936297e+15  9.842292e+35
1.970000e+05  1.935696e+15  9.833131e+35
1.980000e+05  1.935092e+15  9.823930e+35
1.990000e+05  1.934485e+15  9.814689e+35
2.000000e+05  1.933875e+15  9.805408e+35
2.010000e+05  1.933262e+15  9.796087e+35
2.020000e+05  1.932646e+15  9.786726e+35
2.030000e+05  1.932027e+15  9.777326e+35
2.040000e+05  1.931405e+15  9.767886e+35
2.050000e+05  1.930780e+15  9.758406e+35
2.060000e+05  1.930152e+15  9.748886e+35
2.070000e+05  1.929521e+15  9.739328e+35
2.080000e+05  1.928887e+15  9.729730e+35
2.090000e+05  1.928250e+15  9.720093e+35
2.100000e+05  1.927610e+15  9.710416e+35
2.110000e+05  1.926967e+15  9.700701e+35
2.120000e+05  1.926321e+15  9.690947e+35
2.130000e+05  1.925672e+15  9.681154e+35
2.140000e+05  1.925020e+15  9.671322e+35
2.150000e+05  1.924365e+15  9.661452e+35
2.160000e+05  1.923707e+15  9.651543e+35
2.170000e+05  1.923045e+15  9.641596e+35
2.180000e+05  1.922381e+15  9.631611e+35
2.190000e+05  1.921714e+15  9.621587e+35
2.200000e+05  1.921044e+15  9.611526e+35
2.210000e+05  1.920371e+15  9.601426e+35
2.220000e+05  1.919695e+15  9.591288e+35
2.230000e+05  1.919016e+15  9.581113e+35
2.240000e+05  1.918334e+15  9.570900e+35
2.250000e+05  1.917649e+15  9.560649e+35
2.260000e+05  1.916961e+15  9.550361e+35
2.270000e+05  1.916269e+15  9.540035e+35
2.280000e+05  1.915575e+15  9.529672e+35
2.290000e+05  1.914878e+15  9.519272e+35
2.300000e+05  1.914178e+15  9.508835e+35
2.310000e+05  1.913475e+15  9.498361e+35
2.320000e+05  1.912769e+15  9.487850e+35
2.330000e+05  1.912060e+15  9.477302e+35
2.340000e+05  1.911348e+15  9.466718e+35
2.350000e+05  1.910633e+15  9.456097e+35
2.360000e+05  1.909915e+15  9.445439e+35
2.370000e+05  1.909194e+15  9.434746e+35
2.380000e+05  1.908470e+15  9.424016e+35
2.390000e+05  1.907743e+15  9.413249e+35
2.400000e+05  1.907013e+15  9.402447e+35
2.410000e+05  1.906279e+15  9.391609e+35
2.420000e+05  1.905543e+15  9.380735e+35
2.430000e+05  1.904804e+15  9.369826e+35
2.440000e+05  1.904063e+15  9.358880e+35
2.450000e+05  1.903318e+15  9.347899e+35
2.460000e+05  1.902570e+15  9.336883e+35
2.470000e+05  1.901819e+15  9.325832e+35
2.480000e+05  1.901065e+15  9.314745e+35
2.490000e+05  1.900308e+15  9.303624e+35
2.500000e+05  1.899548e+15  9.292467e+35
2.510000e+05  1.898785e+15  9.281276e+35
2.520000e+05  1.898019e+15  9.270049e+35
2.530000e+05  1.897250e+15  9.258789e+35
2.540000e+05  1.896478e+15  9.247493e+35
2.550000e+05  1.895704e+15  9.236164e+35
2.560000e+05  1.894926e+15  9.224800e+35
2.570000e+05  1.894145e+15  9.213401e+35
2.580000e+05  1.893361e+15  9.201969e+35
2.590000e+05  1.892575e+15  9.190503e+35
2.600000e+05  1.891785e+15  9.179003e+35
2.610000e+05  1.890992e+15  9.167469e+35
2.620000e+05  1.890196e+15  9.155902e+35
2.630000e+05  1.889398e+15  9.144301e+35
2.640000e+05  1.888596e+15  9.132666e+35
2.650000e+05  1.887792e+15  9.120999e+35
2.660000e+05  1.886984e+15  9.109298e+35
2.670000e+05  1.886173e+15  9.097564e+35
2.680000e+05  1.885360e+15  9.085797e+35
2.690000e+05  1.884543e+15  9.073998e+35
2.700000e+05  1.883724e+15  9.062166e+35
2.710000e+05  1.882901e+15  9.050301e+35
2.720000e+05  1.882076e+15  9.038403e+35
2.730000e+05  1.881248e+15  9.026474e+35
2.740000e+05  1.880416e+15  9.014512e+35
2.750000e+05  1.879582e+15  9.002517e+35
2.760000e+05  1.878744e+15  8.990491e+35
2.770000e+05  1.877904e+15  8.978433e+35
2.780000e+05  1.877061e+15  8.966344e+35
2.790000e+05  1.876215e+15  8.954222e+35
2.800000e+05  1.875365e+15  8.942069e+35
2.810000e+05  1.874513e+15  8.929885e+35
2.820000e+05  1.873658e+15  8.917669e+35
2.830000e+05  1.872800e+15  8.905422e+35
2.840000e+05  1.871939e+15  8.893144e+35
2.850000e+05  1.871075e+15  8.880835e+35
2.860000e+05  1.870208e+15  8.868495e+35
2.870000e+05  1.869338e+15  8.856124e+35
2.880000e+05  1.868465e+15  8.843723e+35
2.890000e+05  1.867589e+15  8.831291e+35
2.900000e+05  1.866710e+15  8.818829e+35
2.910000e+05  1.865828e+15  8.806337e+35
2.920000e+05  1.864943e+15  8.793815e+35
2.930000e+05  1.864056e+15  8.781262e+35
2.940000e+05  1.863165e+15  8.768680e+35
2.950000e+05  1.862271e+15  8.756068e+35
2.960000e+05  1.861375e+15  8.743426e+35
2.970000e+05  1.860475e+15  8.730755e+35
2.980000e+05  1.859572e+15  8.718054e+35
2.990000e+05  1.858667e+15  8.705324e+35
3.000000e+05  1.857758e+15  8.692565e+35
3.010000e+05  1.856847e+15  8.679777e+35
3.020000e+05  1.855932e+15  8.666960e+35
3.030000e+05  1.855015e+15  8.654114e+35
3.040000e+05  1.854095e+15  8.641239e+35
3.050000e+05  1.853171e+15  8.628336e+35
3.060000e+05  1.852245e+15  8.615404e+35
3.070000e+05  1.851316e+15  8.602445e+35
3.080000e+05  1.850384e+15  8.589456e+35
3.090000e+05  1.849449e+15  8.576440e+35
3.100000e+05  1.848510e+15  8.563396e+35
3.110000e+05  1.847569e+15  8.550324e+35
3.120000e+05  1.846625e+15  8.537225e+35
3.130000e+05  1.845678e+15  8.524098e+35
3.140000e+05  1.844729e+15  8.510943e+35
3.150000e+05  1.843776e+15  8.497761e+35
3.160000e+05  1.842820e+15  8.484552e+35
3.170000e+05  1.841861e+15  8.471316e+35
3.180000e+05  1.840899e+15  8.458053e+35
3.190000e+05  1.839935e+15  8.444763e+35
3.200000e+05  1.838967e+15  8.431446e+35
3.210000e+05  1.837996e+15  8.418103e+35
3.220000e+05  1.837023e+15  8.404733e+35
3.230000e+05  1.836046e+15  8.391337e+35
3.240000e+05  1.835067e+15  8.377915e+35
3.250000e+05  1.834084e+15  8.364467e+35
3.260000e+05  1.833099e+15  8.350992e+35
3.270000e+05  1.832111e+15  8.337492e+35
3.280000e+05  1.831119e+15  8.323967e+35
3.290000e+05  1.830125e+15  8.310415e+35
3.300000e+05  1.829128e+15  8.296839e+35
3.310000e+05  1.828128e+15  8.283236e+35
3.320000e+05  1.827125e+15  8.269609e+35
3.330000e+05  1.826119e+15  8.255957e+35
3.340000e+05  1.825110e+15  8.242280e+35
3.350000e+05  1.824098e+15  8.228578e+35
3.360000e+05  1.823083e+15  8.214851e+35
3.370000e+05  1.822065e+15  8.201100e+35
3.380000e+05  1.821045e+15  8.187324e+35
3.390000e+05  1.820021e+15  8.173524e+35
3.400000e+05  1.818994e+15  8.159700e+35
3.410000e+05  1.817965e+15  8.145852e+35
3.420000e+05  1.816932e+15  8.131979e+35
3.430000e+05  1.815896e+15  8.118084e+35
3.440000e+05  1.814858e+15  8.104164e+35
3.450000e+05  1.813817e+15  8.090221e+35
3.460000e+05  1.812772e+15  8.076255e+35
3.470000e+05  1.811725e+15  8.062265e+35
3.480000e+05  1.810675e+15  8.048252e+35
3.490000e+05  1.809621e+15  8.034216e+35
3.500000e+05  1.808565e+15  8.020157e+35
3.510000e+05  1.807506e+15  8.006076e+35
3.520000e+05  1.806444e+15  7.991972e+35
3.530000e+05  1.805379e+15  7.977845e+35
3.540000e+05  1.804311e+15  7.963696e+35
3.550000e+05  1.803240e+15  7.949525e+35
3.560000e+05  1.802167e+15  7.935332e+35
3.570000e+05  1.801090e+15  7.921116e+35
3.580000e+05  1.800010e+15  7.906879e+35
3.590000e+05  1.798927e+15  7.892620e+35
3.600000e+05  1.797842e+15  7.878340e+35
3.610000e+05  1.796753e+15  7.864038e+35
3.620000e+05  1.795662e+15  7.849715e+35
3.630000e+05  1.794567e+15  7.835371e+35
3.640000e+05  1.793470e+15  7.821005e+35
3.650000e+05  1.792370e+15  7.806619e+35
3.660000e+05  1.791266e+15  7.792212e+35
3.670000e+05  1.790160e+15  7.777784e+35
3.680000e+05  1.789051e+15  7.763336e+35
3.690000e+05  1.787939e+15  7.748867e+35
3.700000e+05  1.786824e+15  7.734378e+35
3.710000e+05  1.785706e+15  7.719869e+35
3.720000e+05  1.784585e+15  7.705340e+35
3.730000e+05  1.783461e+15  7.690791e+35
3.740000e+05  1.782334e+15  7.676222e+35
3.750000e+05  1.781204e+15  7.661634e+35
3.760000e+05  1.780071e+15  7.647026e+35
3.770000e+05  1.778936e+15  7.632399e+35
3.780000e+05  1.777797e+15  7.617752e+35
3.790000e+05  1.776655e+15  7.603087e+35
3.800000e+05  1.775511e+15  7.588402e+35
3.810000e+05  1.774363e+15  7.573699e+35
3.820000e+05  1.773213e+15  7.558977e+35
3.830000e+05  1.772060e+15  7.544237e+35
3.840000e+05  1.770903e+15  7.529478e+35
3.850000e+05  1.769744e+15  7.514701e+35
3.860000e+05  1.768582e+15  7.499905e+35
3.870000e+05  1.767417e+15  7.485092e+35
3.880000e+05  1.766249e+15  7.470261e+35
3.890000e+05  1.765078e+15  7.455412e+35
3.900000e+05  1.763904e+15  7.440545e+35
3.910000e+05  1.762727e+15  7.425661e+35
3.920000e+05  1.761547e+15  7.410760e+35
3.930000e+05  1.760364e+15  7.395841e+35
3.940000e+05  1.759178e+15  7.380905e+35
3.950000e+05  1.757989e+15  7.365952e+35
3.960000e+05  1.756798e+15  7.350983e+35
3.970000e+05  1.755603e+15  7.335997e+35
3.980000e+05  1.754405e+15  7.320994e+35
3.990000e+05  1.753205e+15  7.305975e+35
4.000000e+05  1.752001e+15  7.290939e+35
4.010000e+05  1.750795e+15  7.275887e+35
4.020000e+05  1.749585e+15  7.260820e+35
4.030000e+05  1.748373e+15  7.245736e+35
4.040000e+05  1.747158e+15  7.230637e+35
4.050000e+05  1.745939e+15  7.215522e+35
4.060000e+05  1.744718e+15  7.200392e+35
4.070000e+05  1.743494e+15  7.185246e+35
4.080000e+05  1.742267e+15  7.170085e+35
4.090000e+05  1.741037e+15  7.154909e+35
4.100000e+05  1.739804e+15  7.139718e+35
4.110000e+05  1.738568e+15  7.124512e+35
4.120000e+05  1.737329e+15  7.109291e+35
4.130000e+05  1.736087e+15  7.094056e+35
4.140000e+05  1.734842e+15  7.078807e+35
4.150000e+05  1.733594e+15  7.063543e+35
4.160000e+05  1.732343e+15  7.048265e+35
4.170000e+05  1.731090e+15  7.032973e+35
4.180000e+05  1.729833e+15  7.017668e+35
4.190000e+05  1.728573e+15  7.002348e+35
4.200000e+05  1.727311e+15  6.987015e+35
4.210000e+05  1.726045e+15  6.971668e+35
4.220000e+05  1.724777e+15  6.956308e+35
4.230000e+05  1.723505e+15  6.940935e+35
4.240000e+05  1.722231e+15  6.925549e+35
4.250000e+05  1.720953e+15  6.910150e+35
4.260000e+05  1.719673e+15  6.894738e+35
4.270000e+05  1.718389e+15  6.879314e+35
4.280000e+05  1.717103e+15  6.863876e+35
4.290000e+05  1.715814e+15  6.848427e+35
4.300000e+05  1.714522e+15  6.832965e+35
4.310000e+05  1.713226e+15  6.817491e+35
4.320000e+05  1.711928e+15  6.802005e+35
4.330000e+05  1.710627e+15  6.786508e+35
4.340000e+05  1.709323e+15  6.770998e+35
4.350000e+05  1.708016e+15  6.755477e+35
4.360000e+05  1.706706e+15  6.739945e+35
4.370000e+05  1.705393e+15  6.724401e+35
4.380000e+05  1.704077e+15  6.708846e+35
4.390000e+05  1.702758e+15  6.693280e+35
4.400000e+05  1.701436e+15  6.677703e+35
4.410000e+05  1.700111e+15  6.662115e+35
4.420000e+05  1.698783e+15  6.646517e+35
4.430000e+05  1.697452e+15  6.630908e+35
4.440000e+05  1.696118e+15  6.615289e+35
4.450000e+05  1.694782e+15  6.599659e+35
4.460000e+05  1.693442e+15  6.584020e+35
4.470000e+05  1.692099e+15  6.568370e+35
4.480000e+05  1.690753e+15  6.552711e+35
4.490000e+05  1.689405e+15  6.537041e+35
4.500000e+05  1.688053e+15  6.521363e+35
4.510000e+05  1.686698e+15  6.505675e+35
4.520000e+05  1.685340e+15  6.489977e+35
4.530000e+05  1.683980e+15  6.474271e+35
4.540000e+05  1.682616e+15  6.458555e+35
4.550000e+05  1.681249e+15  6.442831e+35
4.560000e+05  1.679880e+15  6.427098e+35
4.570000e+05  1.678507e+15  6.411356e+35
4.580000e+05  1.677132e+15  6.395605e+35
4.590000e+05  1.675753e+15  6.379847e+35
4.600000e+05  1.674371e+15  6.364080e+35
4.610000e+05  1.672987e+15  6.348305e+35
4.620000e+05  1.671599e+15  6.332522e+35
4.630000e+05  1.670209e+15  6.316731e+35
4.640000e+05  1.668815e+15  6.300933e+35
4.650000e+05  1.667418e+15  6.285127e+35
4.660000e+05  1.666019e+15  6.269313e+35
4.670000e+05  1.664616e+15  6.253493e+35
4.680000e+05  1.663211e+15  6.237665e+35
4.690000e+05  1.661802e+15  6.221830e+35
4.700000e+05  1.660390e+15  6.205989e+35
4.710000e+05  1.658976e+15  6.190140e+35
4.720000e+05  1.657558e+15  6.174285e+35
4.730000e+05  1.656138e+15  6.158424e+35
4.740000e+05  1.654714e+15  6.142556e+35
4.750000e+05  1.653287e+15  6.126682e+35
4.760000e+05  1.651858e+15  6.110802e+35
4.770000e+05  1.650425e+15  6.094916e+35
4.780000e+05  1.648989e+15  6.079024e+35
4.790000e+05  1.647551e+15  6.063127e+35
4.800000e+05  1.646109e+15  6.047224e+35
4.810000e+05  1.644664e+15  6.031316e+35
4.820000e+05  1.643217e+15  6.015402e+35
4.830000e+05  1.641766e+15  5.999483e+35
4.840000e+05  1.640312e+15  5.983559e+35
4.850000e+05  1.638855e+15  5.967631e+35
4.860000e+05  1.637395e+15  5.951698e+35
4.870000e+05  1.635932e+15  5.935760e+35
4.880000e+05  1.634466e+15  5.919817e+35
4.890000e+05  1.632997e+15  5.903871e+35
4.900000e+05  1.631526e+15  5.887920e+35
4.910000e+05  1.630050e+15  5.871965e+35
4.920000e+05  1.628572e+15  5.856006e+35
4.930000e+05  1.627091e+15  5.840044e+35
4.940000e+05  1.625607e+15  5.824077e+35
4.950000e+05  1.624120e+15  5.808108e+35
4.960000e+05  1.622630e+15  5.792134e+35
4.970000e+05  1.621137e+15  5.776158e+35
4.980000e+05  1.619640e+15  5.760178e+35
4.990000e+05  1.618141e+15  5.744196e+35
5.000000e+05  1.616638e+15  5.728211e+35
5.010000e+05  1.615133e+15  5.712223e+35
5.020000e+05  1.613624e+15  5.696232e+35
5.030000e+05  1.612113e+15  5.680239e+35
5.040000e+05  1.610598e+15  5.664243e+35
5.050000e+05  1.609080e+15  5.648246e+35
5.060000e+05  1.607560e+15  5.632246e+35
5.070000e+05  1.606036e+15  5.616245e+35
5.080000e+05  1.604509e+15  5.600241e+35
5.090000e+05  1.602979e+15  5.584236e+35
5.100000e+05  1.601446e+15  5.568230e+35
5.110000e+05  1.599910e+15  5.552222e+35
5.120000e+05  1.598371e+15  5.536213e+35
5.130000e+05  1.596828e+15  5.520202e+35
5.140000e+05  1.595283e+15  5.504191e+35
5.150000e+05  1.593735e+15  5.488179e+35
5.160000e+05  1.592183e+15  5.472166e+35
5.170000e+05  1.590628e+15  5.456153e+35
5.180000e+05  1.589071e+15  5.440139e+35
5.190000e+05  1.587510e+15  5.424125e+35
5.200000e+05  1.585946e+15  5.408111e+35
5.210000e+05  1.584379e+15  5.392096e+35
5.220000e+05  1.582809e+15  5.376082e+35
5.230000e+05  1.581236e+15  5.360068e+35
5.240000e+05  1.579660e+15  5.344054e+35
5.250000e+05  1.578080e+15  5.328040e+35
5.260000e+05  1.576498e+15  5.312028e+35
5.270000e+05  1.574912e+15  5.296016e+35
5.280000e+05  1.573323e+15  5.280005e+35
5.290000e+05  1.571732e+15  5.263994e+35
5.300000e+05  1.570137e+15  5.247985e+35
5.310000e+05  1.568539e+15  5.231978e+35
5.320000e+05  1.566937e+15  5.215971e+35
5.330000e+05  1.565333e+15  5.199967e+35
5.340000e+05  1.563726e+15  5.183963e+35
5.350000e+05  1.562115e+15  5.167962e+35
5.360000e+05  1.560501e+15  5.151963e+35
5.370000e+05  1.558884e+15  5.135965e+35
5.380000e+05  1.557264e+15  5.119970e+35
5.390000e+05  1.555641e+15  5.103977e+35
5.400000e+05  1.554015e+15  5.087987e+35
5.410000e+05  1.552386e+15  5.071999e+35
5.420000e+05  1.550753e+15  5.056014e+35
5.430000e+05  1.549117e+15  5.040031e+35
5.440000e+05  1.547478e+15  5.024052e+35
5.450000e+05  1.545836e+15  5.008076e+35
5.460000e+05  1.544191e+15  4.992103e+35
5.470000e+05  1.542543e+15  4.976133e+35
5.480000e+05  1.540891e+15  4.960167e+35
5.490000e+05  1.539237e+15  4.944204e+35
5.500000e+05  1.537579e+15  4.928245e+35
5.510000e+05  1.535918e+15  4.912290e+35
5.520000e+05  1.534253e+15  4.896340e+35
5.530000e+05  1.532586e+15  4.880393e+35
5.540000e+05  1.530915e+15  4.864450e+35
5.550000e+05  1.529241e+15  4.848512e+35
5.560000e+05  1.527564e+15  4.832579e+35
5.570000e+05  1.525884e+15  4.816650e+35
5.580000e+05  1.524201e+15  4.800726e+35
5.590000e+05  1.522514e+15  4.784807e+35
5.600000e+05  1.520824e+15  4.768893e+35
5.610000e+05  1.519131e+15  4.752984e+35
5.620000e+05  1.517435e+15  4.737080e+35
5.630000e+05  1.515736e+15  4.721182e+35
5.640000e+05  1.514033e+15  4.705289e+35
5.650000e+05  1.512327e+15  4.689403e+35
5.660000e+05  1.510618e+15  4.673521e+35
5.670000e+05  1.508906e+15  4.657646e+35
5.680000e+05  1.507190e+15  4.641777e+35
5.690000e+05  1.505471e+15  4.625915e+35
5.700000e+05  1.503749e+15  4.610058e+35
5.710000e+05  1.502024e+15  4.594208e+35
5.720000e+05  1.500295e+15  4.578365e+35
5.730000e+05  1.498563e+15  4.562528e+35
5.740000e+05  1.496828e+15  4.546699e+35
5.750000e+05  1.495090e+15  4.530876e+35
5.760000e+05  1.493348e+15  4.515060e+35
5.770000e+05  1.491603e+15  4.499252e+35
5.780000e+05  1.489855e+15  4.483451e+35
5.790000e+05  1.488104e+15  4.467657e+35
5.800000e+05  1.486349e+15  4.451872e+35
5.810000e+05  1.484591e+15  4.436093e+35
5.820000e+05  1.482830e+15  4.420323e+35
5.830000e+05  1.481065e+15  4.404561e+35
5.840000e+05  1.479297e+15  4.388807e+35
5.850000e+05  1.477526e+15  4.373061e+35
5.860000e+05  1.475751e+15  4.357324e+35
5.870000e+05  1.473974e+15  4.341595e+35
5.880000e+05  1.472192e+15  4.325875e+35
5.890000e+05  1.470408e+15  4.310164e+35
5.900000e+05  1.468620e+15  4.294461e+35
5.910000e+05  1.466829e+15  4.278768e+35
5.920000e+05  1.465034e+15  4.263083e+35
5.930000e+05  1.463237e+15  4.247408e+35
5.940000e+05  1.461436e+15  4.231743e+35
5.950000e+05  1.459631e+15  4.216087e+35
5.960000e+05  1.457823e+15  4.200441e+35
5.970000e+05  1.456012e+15  4.184804e+35
5.980000e+05  1.454197e+15  4.169178e+35
5.990000e+05  1.452379e+15  4.153561e+35
6.000000e+05  1.450558e+15  4.137955e+35
6.010000e+05  1.448733e+15  4.122359e+35
6.020000e+05  1.446905e+15  4.106773e+35
6.030000e+05  1.445074e+15  4.091198e+35
6.040000e+05  1.443239e+15  4.075634e+35
6.050000e+05  1.441401e+15  4.060080e+35
6.060000e+05  1.439559e+15  4.044538e+35
6.070000e+05  1.437714e+15  4.029006e+35
6.080000e+05  1.435866e+15  4.013486e+35
6.090000e+05  1.434014e+15  3.997977e+35
6.100000e+05  1.432158e+15  3.982479e+35
6.110000e+05  1.430300e+15  3.966993e+35
6.120000e+05  1.428438e+15  3.951519e+35
6.130000e+05  1.426572e+15  3.936056e+35
6.140000e+05  1.424703e+15  3.920606e+35
6.150000e+05  1.422830e+15  3.905167e+35
6.160000e+05  1.420954e+15  3.889741e+35
6.170000e+05  1.419075e+15  3.874327e+35
6.180000e+05  1.417192e+15  3.858926e+35
6.190000e+05  1.415306e+15  3.843537e+35
6.200000e+05  1.413416e+15  3.828161e+35
6.210000e+05  1.411523e+15  3.812797e+35
6.220000e+05  1.409626e+15  3.797447e+35
6.230000e+05  1.407725e+15  3.782110e+35
6.240000e+05  1.405822e+15  3.766785e+35
6.250000e+05  1.403914e+15  3.751475e+35
6.260000e+05  1.402003e+15  3.736177e+35
6.270000e+05  1.400089e+15  3.720893e+35
6.280000e+05  1.398171e+15  3.705623e+35
6.290000e+05  1.396250e+15  3.690367e+35
6.300000e+05  1.394325e+15  3.675125e+35
6.310000e+05  1.392396e+15  3.659896e+35
6.320000e+05  1.390464e+15  3.644682e+35
6.330000e+05  1.388529e+15  3.629483e+35
6.340000e+05  1.386589e+15  3.614297e+35
6.350000e+05  1.384647e+15  3.599127e+35
6.360000e+05  1.382700e+15  3.583970e+35
6.370000e+05  1.380750e+15  3.568829e+35
6.380000e+05  1.378797e+15  3.553703e+35
6.390000e+05  1.376840e+15  3.538592e+35
6.400000e+05  1.374879e+15  3.523496e+35
6.410000e+05  1.372915e+15  3.508415e+35
6.420000e+05  1.370947e+15  3.493350e+35
6.430000e+05  1.368975e+15  3.478300e+35
6.440000e+05  1.367000e+15  3.463266e+35
6.450000e+05  1.365021e+15  3.448247e+35
6.460000e+05  1.363039e+15  3.433245e+35
6.470000e+05  1.361053e+15  3.418259e+35
6.480000e+05  1.359063e+15  3.403289e+35
6.490000e+05  1.357069e+15  3.388335e+35
6.500000e+05  1.355072e+15  3.373397e+35
6.510000e+05  1.353071e+15  3.358477e+35
6.520000e+05  1.351067e+15  3.343572e+35
6.530000e+05  1.349059e+15  3.328685e+35
6.540000e+05  1.347047e+15  3.313814e+35
6.550000e+05  1.345031e+15  3.298961e+35
6.560000e+05  1.343012e+15  3.284124e+35
6.570000e+05  1.340989e+15  3.269305e+35
6.580000e+05  1.338962e+15  3.254504e+35
6.590000e+05  1.336931e+15  3.239720e+35
6.600000e+05  1.334897e+15  3.224953e+35
6.610000e+05  1.332859e+15  3.210204e+35
6.620000e+05  1.330817e+15  3.195473e+35
6.630000e+05  1.328771e+15  3.180760e+35
6.640000e+05  1.326722e+15  3.166066e+35
6.650000e+05  1.324669e+15  3.151389e+35
6.660000e+05  1.322612e+15  3.136731e+35
6.670000e+05  1.320551e+15  3.122091e+35
6.680000e+05  1.318486e+15  3.107470e+35
6.690000e+05  1.316418e+15  3.092868e+35
6.700000e+05  1.314345e+15  3.078285e+35
6.710000e+05  1.312269e+15  3.063720e+35
6.720000e+05  1.310189e+15  3.049175e+35
6.730000e+05  1.308105e+15  3.034649e+35
6.740000e+05  1.306018e+15  3.020142e+35
6.750000e+05  1.303926e+15  3.005654e+35
6.760000e+05  1.301830e+15  2.991187e+35
6.770000e+05  1.299731e+15  2.976739e+35
6.780000e+05  1.297628e+15  2.962310e+35
6.790000e+05  1.295520e+15  2.947902e+35
6.800000e+05  1.293409e+15  2.933514e+35
6.810000e+05  1.291294e+15  2.919146e+35
6.820000e+05  1.289175e+15  2.904798e+35
6.830000e+05  1.287052e+15  2.890471e+35
6.840000e+05  1.284925e+15  2.876164e+35
6.850000e+05  1.282794e+15  2.861878e+35
6.860000e+05  1.280659e+15  2.847613e+35
6.870000e+05  1.278520e+15  2.833368e+35
6.880000e+05  1.276377e+15  2.819145e+35
6.890000e+05  1.274230e+15  2.804943e+35
6.900000e+05  1.272079e+15  2.790762e+35
6.910000e+05  1.269924e+15  2.776602e+35
6.920000e+05  1.267765e+15  2.762464e+35
6.930000e+05  1.265602e+15  2.748347e+35
6.940000e+05  1.263435e+15  2.734253e+35
6.950000e+05  1.261263e+15  2.720180e+35
6.960000e+05  1.259088e+15  2.706129e+35
6.970000e+05  1.256908e+15  2.692100e+35
6.980000e+05  1.254725e+15  2.678094e+35
6.990000e+05  1.252537e+15  2.664110e+35
7.000000e+05  1.250345e+15  2.650148e+35
7.010000e+05  1.248149e+15  2.636209e+35
7.020000e+05  1.245949e+15  2.622292e+35
7.030000e+05  1.243745e+15  2.608399e+35
7.040000e+05  1.241536e+15  2.594528e+35
7.050000e+05  1.239323e+15  2.580680e+35
7.060000e+05  1.237106e+15  2.566856e+35
7.070000e+05  1.234885e+15  2.553055e+35
7.080000e+05  1.232660e+15  2.539277e+35
7.090000e+05  1.230430e+15  2.525523e+35
7.100000e+05  1.228196e+15  2.511792e+35
7.110000e+05  1.225958e+15  2.498085e+35
7.120000e+05  1.223716e+15  2.484402e+35
7.130000e+05  1.221469e+15  2.470744e+35
7.140000e+05  1.219218e+15  2.457109e+35
7.150000e+05  1.216963e+15  2.443498e+35
7.160000e+05  1.214703e+15  2.429912e+35
7.170000e+05  1.212439e+15  2.416350e+35
7.180000e+05  1.210171e+15  2.402813e+35
7.190000e+05  1.207898e+15  2.389301e+35
7.200000e+05  1.205621e+15  2.375813e+35
7.210000e+05  1.203339e+15  2.362351e+35
7.220000e+05  1.201053e+15  2.348913e+35
7.230000e+05  1.198763e+15  2.335501e+35
7.240000e+05  1.196468e+15  2.322114e+35
7.250000e+05  1.194169e+15  2.308752e+35
7.260000e+05  1.191865e+15  2.295416e+35
7.270000e+05  1.189557e+15  2.282106e+35
7.280000e+05  1.187244e+15  2.268821e+35
7.290000e+05  1.184927e+15  2.255563e+35
7.300000e+05  1.182605e+15  2.242330e+35
7.310000e+05  1.180279e+15  2.229123e+35
7.320000e+05  1.177948e+15  2.215943e+35
7.330000e+05  1.175613e+15  2.202789e+35
7.340000e+05  1.173273e+15  2.189661e+35
7.350000e+05  1.170928e+15  2.176561e+35
7.360000e+05  1.168579e+15  2.163486e+35
7.370000e+05  1.166225e+15  2.150439e+35
7.380000e+05  1.163866e+15  2.137419e+35
7.390000e+05  1.161503e+15  2.124425e+35
7.400000e+05  1.159135e+15  2.111459e+35
7.410000e+05  1.156763e+15  2.098520e+35
7.420000e+05  1.154385e+15  2.085609e+35
7.430000e+05  1.152003e+15  2.072725e+35
7.440000e+05  1.149617e+15  2.059869e+35
7.450000e+05  1.147225e+15  2.047040e+35
7.460000e+05  1.144829e+15  2.034240e+35
7.470000e+05  1.142428e+15  2.021467e+35
7.480000e+05  1.140022e+15  2.008722e+35
7.490000e+05  1.137611e+15  1.996006e+35
7.500000e+05  1.135196e+15  1.983318e+35
7.510000e+05  1.132775e+15  1.970659e+35
7.520000e+05  1.130350e+15  1.958028e+35
7.530000e+05  1.127920e+15  1.945426e+35
7.540000e+05  1.125484e+15  1.932852e+35
7.550000e+05  1.123044e+15  1.920308e+35
7.560000e+05  1.120599e+15  1.907793e+35
7.570000e+05  1.118149e+15  1.895306e+35
7.580000e+05  1.115694e+15  1.882850e+35
7.590000e+05  1.113234e+15  1.870422e+35
7.600000e+05  1.110769e+15  1.858024e+35
7.610000e+05  1.108299e+15  1.845656e+35
7.620000e+05  1.105823e+15  1.833317e+35
7.630000e+05  1.103343e+15  1.821008e+35
7.640000e+05  1.100857e+15  1.808729e+35
7.650000e+05  1.098367e+15  1.796480e+35
7.660000e+05  1.095871e+15  1.784262e+35
7.670000e+05  1.093370e+15  1.772074e+35
7.680000e+05  1.090864e+15  1.759916e+35
7.690000e+05  1.088352e+15  1.747789e+35
7.700000e+05  1.085836e+15  1.735692e+35
7.710000e+05  1.083314e+15  1.723626e+35
7.720000e+05  1.080787e+15  1.711591e+35
7.730000e+05  1.078254e+15  1.699587e+35
7.740000e+05  1.075716e+15  1.687615e+35
7.750000e+05  1.073173e+15  1.675673e+35
7.760000e+05  1.070624e+15  1.663763e+35
7.770000e+05  1.068070e+15  1.651884e+35
7.780000e+05  1.065511e+15  1.640037e+35
7.790000e+05  1.062946e+15  1.628222e+35
7.800000e+05  1.060375e+15  1.616438e+35
7.810000e+05  1.057799e+15  1.604686e+35
7.820000e+05  1.055218e+15  1.592967e+35
7.830000e+05  1.052631e+15  1.581279e+35
7.840000e+05  1.050038e+15  1.569624e+35
7.850000e+05  1.047440e+15  1.558001e+35
7.860000e+05  1.044836e+15  1.546411e+35
7.870000e+05  1.042227e+15  1.534853e+35
7.880000e+05  1.039612e+15  1.523328e+35
7.890000e+05  1.036991e+15  1.511836e+35
7.900000e+05  1.034364e+15  1.500377e+35
7.910000e+05  1.031732e+15  1.488951e+35
7.920000e+05  1.029093e+15  1.477558e+35
7.930000e+05  1.026449e+15  1.466198e+35
7.940000e+05  1.023799e+15  1.454872e+35
7.950000e+05  1.021144e+15  1.443580e+35
7.960000e+05  1.018482e+15  1.432321e+35
7.970000e+05  1.015814e+15  1.421095e+35
7.980000e+05  1.013141e+15  1.409904e+35
7.990000e+05  1.010461e+15  1.398747e+35
8.000000e+05  1.007775e+15  1.387623e+35
8.010000e+05  1.005084e+15  1.376534e+35
8.020000e+05  1.002386e+15  1.365479e+35
8.030000e+05  9.996820e+14  1.354459e+35
8.040000e+05  9.969719e+14  1.343473e+35
8.050000e+05  9.942556e+14  1.332522e+35
8.060000e+05  9.915331e+14  1.321606e+35
8.070000e+05  9.888043e+14  1.310724e+35
8.080000e+05  9.860693e+14  1.299878e+35
8.090000e+05  9.833279e+14  1.289067e+35
8.100000e+05  9.805802e+14  1.278291e+35
8.110000e+05  9.778260e+14  1.267550e+35
8.120000e+05  9.750654e+14  1.256845e+35
8.130000e+05  9.722984e+14  1.246175e+35
8.140000e+05  9.695248e+14  1.235541e+35
8.150000e+05  9.667448e+14  1.224943e+35
8.160000e+05  9.639581e+14  1.214380e+35
8.170000e+05  9.611648e+14  1.203854e+35
8.180000e+05  9.583648e+14  1.193364e+35
8.190000e+05  9.555582e+14  1.182910e+35
8.200000e+05  9.527448e+14  1.172492e+35
8.210000e+05  9.499247e+14  1.162111e+35
8.220000e+05  9.470977e+14  1.151767e+35
8.230000e+05  9.442639e+14  1.141459e+35
8.240000e+05  9.414231e+14  1.131188e+35
8.250000e+05  9.385755e+14  1.120954e+35
8.260000e+05  9.357208e+14  1.110757e+35
8.270000e+05  9.328591e+14  1.100597e+35
8.280000e+05  9.299903e+14  1.090475e+35
8.290000e+05  9.271145e+14  1.080389e+35
8.300000e+05  9.242314e+14  1.070342e+35
8.310000e+05  9.213412e+14  1.060332e+35
8.320000e+05  9.184437e+14  1.050359e+35
8.330000e+05  9.155388e+14  1.040425e+35
8.340000e+05  9.126267e+14  1.030528e+35
8.350000e+05  9.097071e+14  1.020669e+35
8.360000e+05  9.067801e+14  1.010849e+35
8.370000e+05  9.038456e+14  1.001067e+35
8.380000e+05  9.009035e+14  9.913228e+34
8.390000e+05  8.979538e+14  9.816175e+34
8.400000e+05  8.949965e+14  9.719507e+34
8.410000e+05  8.920314e+14  9.623227e+34
8.420000e+05  8.890586e+14  9.527335e+34
8.430000e+05  8.860780e+14  9.431833e+34
8.440000e+05  8.830895e+14  9.336721e+34
8.450000e+05  8.800930e+14  9.242001e+34
8.460000e+05  8.770886e+14  9.147673e+34
8.470000e+05  8.740761e+14  9.053740e+34
8.480000e+05  8.710555e+14  8.960201e+34
8.490000e+05  8.680267e+14  8.867058e+34
8.500000e+05  8.649897e+14  8.774313e+34
8.510000e+05  8.619444e+14  8.681966e+34
8.520000e+05  8.588908e+14  8.590018e+34
8.530000e+05  8.558287e+14  8.498471e+34
8.540000e+05  8.527581e+14  8.407325e+34
8.550000e+05  8.496790e+14  8.316582e+34
8.560000e+05  8.465912e+14  8.226243e+34
8.570000e+05  8.434948e+14  8.136310e+34
8.580000e+05  8.403896e+14  8.046782e+34
8.590000e+05  8.372755e+14  7.957661e+34
8.600000e+05  8.341525e+14  7.868949e+34
8.610000e+05  8.310206e+14  7.780646e+34
8.620000e+05  8.278796e+14  7.692754e+34
8.630000e+05  8.247295e+14  7.605273e+34
8.640000e+05  8.215701e+14  7.518205e+34
8.650000e+05  8.184015e+14  7.431551e+34
8.660000e+05  8.152234e+14  7.345312e+34
8.670000e+05  8.120360e+14  7.259489e+34
8.680000e+05  8.088389e+14  7.174084e+34
8.690000e+05  8.056323e+14  7.089096e+34
8.700000e+05  8.024159e+14  7.004529e+34
8.710000e+05  7.991898e+14  6.920381e+34
8.720000e+05  7.959537e+14  6.836656e+34
8.730000e+05  7.927077e+14  6.753353e+34
8.740000e+05  7.894515e+14  6.670474e+34
8.750000e+05  7.861852e+14  6.588020e+34
8.760000e+05  7.829086e+14  6.505992e+34
8.770000e+05  7.796217e+14  6.424392e+34
8.780000e+05  7.763243e+14  6.343220e+34
8.790000e+05  7.730163e+14  6.262477e+34
8.800000e+05  7.696976e+14  6.182165e+34
8.810000e+05  7.663681e+14  6.102285e+34
8.820000e+05  7.630277e+14  6.022838e+34
8.830000e+05  7.596763e+14  5.943824e+34
8.840000e+05  7.563137e+14  5.865246e+34
8.850000e+05  7.529399e+14  5.787104e+34
8.860000e+05  7.495548e+14  5.709399e+34
8.870000e+05  7.461581e+14  5.632133e+34
8.880000e+05  7.427499e+14  5.555307e+34
8.890000e+05  7.393299e+14  5.478921e+34
8.900000e+05  7.358980e+14  5.402977e+34
8.910000e+05  7.324541e+14  5.327476e+34
8.920000e+05  7.289981e+14  5.252420e+34
8.930000e+05  7.255298e+14  5.177808e+34
8.940000e+05  7.220490e+14  5.103643e+34
8.950000e+05  7.185557e+14  5.029926e+34
8.960000e+05  7.150497e+14  4.956658e+34
8.970000e+05  7.115308e+14  4.883839e+34
8.980000e+05  7.079988e+14  4.811471e+34
8.990000e+05  7.044537e+14  4.739556e+34
9.000000e+05  7.008952e+14  4.668094e+34
9.010000e+05  6.973232e+14  4.597087e+34
9.020000e+05  6.937375e+14  4.526535e+34
9.030000e+05  6.901380e+14  4.456440e+34
9.040000e+05  6.865244e+14  4.386803e+34
9.050000e+05  6.828965e+14  4.317626e+34
9.060000e+05  6.792542e+14  4.248908e+34
9.070000e+05  6.755974e+14  4.180653e+34
9.080000e+05  6.719257e+14  4.112860e+34
9.090000e+05  6.682389e+14  4.045531e+34
9.100000e+05  6.645370e+14  3.978668e+34
9.110000e+05  6.608195e+14  3.912271e+34
9.120000e+05  6.570865e+14  3.846341e+34
9.130000e+05  6.533375e+14  3.780881e+34
9.140000e+05  6.495724e+14  3.715890e+34
9.150000e+05  6.457909e+14  3.651371e+34
9.160000e+05  6.419928e+14  3.587325e+34
9.170000e+05  6.381778e+14  3.523752e+34
9.180000e+05  6.343457e+14  3.460655e+34
9.190000e+05  6.304962e+14  3.398033e+34
9.200000e+05  6.266290e+14  3.335890e+34
9.210000e+05  6.227438e+14  3.274225e+34
9.220000e+05  6.188404e+14  3.213041e+34
9.230000e+05  6.149184e+14  3.152338e+34
9.240000e+05  6.109776e+14  3.092118e+34
9.250000e+05  6.070175e+14  3.032383e+34
9.260000e+05  6.030380e+14  2.973133e+34
9.270000e+05  5.990386e+14  2.914370e+34
9.280000e+05  5.950189e+14  2.856095e+34
9.290000e+05  5.909787e+14  2.798310e+34
9.300000e+05  5.869175e+14  2.741015e+34
9.310000e+05  5.828350e+14  2.684214e+34
9.320000e+05  5.787307e+14  2.627906e+34
9.330000e+05  5.746043e+14  2.572094e+34
9.340000e+05  5.704553e+14  2.516779e+34
9.350000e+05  5.662832e+14  2.461962e+34
9.360000e+05  5.620876e+14  2.407645e+34
9.370000e+05  5.578681e+14  2.353829e+34
9.380000e+05  5.536241e+14  2.300516e+34
9.390000e+05  5.493551e+14  2.247708e+34
9.400000e+05  5.450607e+14  2.195406e+34
9.410000e+05  5.407401e+14  2.143612e+34
9.420000e+05  5.363930e+14  2.092327e+34
9.430000e+05  5.320186e+14  2.041553e+34
9.440000e+05  5.276163e+14  1.991292e+34
9.450000e+05  5.231856e+14  1.941546e+34
9.460000e+05  5.187257e+14  1.892315e+34
9.470000e+05  5.142359e+14  1.843604e+34
9.480000e+05  5.097156e+14  1.795412e+34
9.490000e+05  5.051639e+14  1.747742e+34
9.500000e+05  5.005801e+14  1.700596e+34
9.510000e+05  4.927800e+14  1.654101e+34
9.520000e+05  4.845755e+14  1.608457e+34
9.530000e+05  4.764319e+14  1.563657e+34
9.540000e+05  4.683494e+14  1.519697e+34
9.550000e+05  4.603285e+14  1.476568e+34
9.560000e+05  4.523693e+14  1.434263e+34
9.570000e+05  4.444720e+14  1.392775e+34
9.580000e+05  4.366370e+14  1.352097e+34
9.590000e+05  4.288644e+14  1.312221e+34
9.600000e+05  4.211545e+14  1.273139e+34
9.610000e+05  4.135074e+14  1.234845e+34
9.620000e+05  4.059236e+14  1.197331e+34
9.630000e+05  3.984030e+14  1.160588e+34
9.640000e+05  3.909460e+14  1.124609e+34
9.650000e+05  3.835526e+14  1.089386e+34
9.660000e+05  3.762232e+14  1.054912e+34
9.670000e+05  3.689579e+14  1.021178e+34
9.680000e+05  3.617568e+14  9.881770e+33
9.690000e+05  3.546201e+14  9.559001e+33
9.700000e+05  3.475480e+14  9.243397e+33
9.710000e+05  3.405406e+14  8.934876e+33
9.720000e+05  3.335981e+14  8.633356e+33
9.730000e+05  3.267207e+14  8.338757e+33
9.740000e+05  3.199083e+14  8.050995e+33
9.750000e+05  3.131613e+14  7.769990e+33
9.760000e+05  3.064797e+14  7.495658e+33
9.770000e+05  2.998636e+14  7.227917e+33
9.780000e+05  2.933131e+14  6.966684e+33
9.790000e+05  2.868284e+14  6.711876e+33
9.800000e+05  2.804096e+14  6.463409e+33
9.810000e+05  2.740567e+14  6.221201e+33
9.820000e+05  2.677698e+14  5.985168e+33
9.830000e+05  2.615491e+14  5.755227e+33
9.840000e+05  2.553947e+14  5.531294e+33
9.850000e+05  2.493065e+14  5.313285e+33
9.860000e+05  2.432848e+14  5.101117e+33
9.870000e+05  2.373296e+14  4.894707e+33
9.880000e+05  2.314409e+14  4.693971e+33
9.890000e+05  2.256188e+14  4.498826e+33
9.900000e+05  2.198635e+14  4.309189e+33
9.910000e+05  2.141749e+14  4.124975e+33
9.920000e+05  2.085532e+14  3.946104e+33
9.930000e+05  2.029984e+14  3.772490e+33
9.940000e+05  1.975106e+14  3.604052e+33
9.950000e+05  1.920899e+14  3.440708e+33
9.960000e+05  1.867363e+14  3.282374e+33
9.970000e+05  1.814498e+14  3.128969e+33
9.980000e+05  1.762307e+14  2.980410e+33
9.990000e+05  1.710788e+14  2.836617e+33
1.000000e+06  1.659944e+14  2.697507e+33
1.001000e+06  1.609774e+14  2.562999e+33
1.002000e+06  1.560280e+14  2.433013e+33
1.003000e+06  1.511462e+14  2.307468e+33
1.004000e+06  1.463321e+14  2.186283e+33
1.005000e+06  1.415859e+14  2.069379e+33
1.006000e+06  1.369075e+14  1.956676e+33
1.007000e+06  1.322971e+14  1.848094e+33
1.008000e+06  1.277548e+14  1.743555e+33
1.009000e+06  1.232807e+14  1.642980e+33
1.010000e+06  1.188750e+14  1.546290e+33
1.011000e+06  1.145377e+14  1.453408e+33
1.012000e+06  1.102690e+14  1.364256e+33
1.013000e+06  1.060690e+14  1.278756e+33
1.014000e+06  1.019379e+14  1.196832e+33
1.015000e+06  9.787590e+13  1.118407e+33
1.016000e+06  9.388313e+13  1.043405e+33
1.017000e+06  8.995980e+13  9.717498e+32
1.018000e+06  8.610614e+13  9.033661e+32
1.019000e+06  8.232237e+13  8.381789e+32
1.020000e+06  7.860875e+13  7.761132e+32
1.021000e+06  7.496554e+13  7.170946e+32
1.022000e+06  7.139305e+13  6.610488e+32
1.023000e+06  6.789160e+13  6.079022e+32
1.024000e+06  6.446154e+13  5.575812e+32
1.025000e+06  6.110325e+13  5.100125e+32
1.026000e+06  5.781714e+13  4.651232e+32
1.027000e+06  5.460367e+13  4.228406e+32
1.028000e+06  5.146333e+13  3.830923e+32
1.029000e+06  4.839665e+13  3.458060e+32
1.030000e+06  4.540423e+13  3.109096e+32
1.031000e+06  4.248671e+13  2.783314e+32
1.032000e+06  3.964480e+13  2.479994e+32
1.033000e+06  3.687928e+13  2.198421e+32
1.034000e+06  3.419099e+13  1.937878e+32
1.035000e+06  3.158090e+13  1.697649e+32
1.036000e+06  2.905005e+13  1.477015e+32
1.037000e+06  2.659959e+13  1.275260e+32
1.038000e+06  2.423084e+13  1.091661e+32
1.039000e+06  2.194524e+13  9.254955e+31
1.040000e+06  1.974444e+13  7.760354e+31
1.041000e+06  1.763027e+13  6.425475e+31
1.042000e+06  1.560485e+13  5.242917e+31
1.043000e+06  1.367060e+13  4.205194e+31
1.044000e+06  1.183030e+13  3.304711e+31
1.045000e+06  1.008725e+13  2.533736e+31
1.046000e+06  8.445304e+12  1.884368e+31
1.047000e+06  6.909148e+12  1.348490e+31
1.048000e+06  5.484523e+12  9.177091e+30
1.049000e+06  4.178681e+12  5.832736e+30
1.050000e+06  3.001113e+12  3.359523e+30
1.051000e+06  1.964898e+12  1.658467e+30
1.052000e+06  1.089560e+12  6.207151e+29
1.053000e+06  4.088040e+11  1.211524e+29
1.054000e+06  9.443287e+09  2.269929e+26
1.055000e+06  nan  nan
