   Radius        Density      Pressure     
2.000000e+03  3.162262e+15  4.287199e+36
3.000000e+03  3.162237e+15  4.287100e+36
4.000000e+03  3.162204e+15  4.286963e+36
5.000000e+03  3.162161e+15  4.286788e+36
6.000000e+03  3.162108e+15  4.286575e+36
7.000000e+03  3.162046e+15  4.286323e+36
8.000000e+03  3.161975e+15  4.286032e+36
9.000000e+03  3.161894e+15  4.285702e+36
1.000000e+04  3.161803e+15  4.285334e+36
1.100000e+04  3.161703e+15  4.284928e+36
1.200000e+04  3.161593e+15  4.284482e+36
1.300000e+04  3.161474e+15  4.283998e+36
1.400000e+04  3.161346e+15  4.283475e+36
1.500000e+04  3.161208e+15  4.282914e+36
1.600000e+04  3.161060e+15  4.282314e+36
1.700000e+04  3.160903e+15  4.281676e+36
1.800000e+04  3.160736e+15  4.280999e+36
1.900000e+04  3.160560e+15  4.280283e+36
2.000000e+04  3.160375e+15  4.279529e+36
2.100000e+04  3.160179e+15  4.278736e+36
2.200000e+04  3.159975e+15  4.277905e+36
2.300000e+04  3.159761e+15  4.277036e+36
2.400000e+04  3.159537e+15  4.276128e+36
2.500000e+04  3.159304e+15  4.275181e+36
2.600000e+04  3.159061e+15  4.274196e+36
2.700000e+04  3.158809e+15  4.273173e+36
2.800000e+04  3.158548e+15  4.272112e+36
2.900000e+04  3.158277e+15  4.271012e+36
3.000000e+04  3.157996e+15  4.269874e+36
3.100000e+04  3.157706e+15  4.268698e+36
3.200000e+04  3.157407e+15  4.267484e+36
3.300000e+04  3.157098e+15  4.266231e+36
3.400000e+04  3.156779e+15  4.264941e+36
3.500000e+04  3.156452e+15  4.263612e+36
3.600000e+04  3.156114e+15  4.262246e+36
3.700000e+04  3.155768e+15  4.260841e+36
3.800000e+04  3.155411e+15  4.259399e+36
3.900000e+04  3.155046e+15  4.257918e+36
4.000000e+04  3.154671e+15  4.256400e+36
4.100000e+04  3.154286e+15  4.254844e+36
4.200000e+04  3.153893e+15  4.253250e+36
4.300000e+04  3.153489e+15  4.251619e+36
4.400000e+04  3.153077e+15  4.249950e+36
4.500000e+04  3.152654e+15  4.248243e+36
4.600000e+04  3.152223e+15  4.246499e+36
4.700000e+04  3.151782e+15  4.244717e+36
4.800000e+04  3.151332e+15  4.242898e+36
4.900000e+04  3.150872e+15  4.241042e+36
5.000000e+04  3.150403e+15  4.239148e+36
5.100000e+04  3.149925e+15  4.237217e+36
5.200000e+04  3.149437e+15  4.235249e+36
5.300000e+04  3.148940e+15  4.233244e+36
5.400000e+04  3.148433e+15  4.231201e+36
5.500000e+04  3.147917e+15  4.229122e+36
5.600000e+04  3.147392e+15  4.227005e+36
5.700000e+04  3.146857e+15  4.224852e+36
5.800000e+04  3.146314e+15  4.222662e+36
5.900000e+04  3.145760e+15  4.220435e+36
6.000000e+04  3.145198e+15  4.218172e+36
6.100000e+04  3.144626e+15  4.215872e+36
6.200000e+04  3.144045e+15  4.213535e+36
6.300000e+04  3.143455e+15  4.211162e+36
6.400000e+04  3.142855e+15  4.208752e+36
6.500000e+04  3.142246e+15  4.206306e+36
6.600000e+04  3.141628e+15  4.203824e+36
6.700000e+04  3.141001e+15  4.201306e+36
6.800000e+04  3.140364e+15  4.198752e+36
6.900000e+04  3.139718e+15  4.196161e+36
7.000000e+04  3.139063e+15  4.193535e+36
7.100000e+04  3.138398e+15  4.190873e+36
7.200000e+04  3.137725e+15  4.188175e+36
7.300000e+04  3.137042e+15  4.185441e+36
7.400000e+04  3.136350e+15  4.182672e+36
7.500000e+04  3.135649e+15  4.179867e+36
7.600000e+04  3.134938e+15  4.177027e+36
7.700000e+04  3.134219e+15  4.174151e+36
7.800000e+04  3.133490e+15  4.171240e+36
7.900000e+04  3.132752e+15  4.168294e+36
8.000000e+04  3.132005e+15  4.165313e+36
8.100000e+04  3.131249e+15  4.162297e+36
8.200000e+04  3.130484e+15  4.159246e+36
8.300000e+04  3.129709e+15  4.156160e+36
8.400000e+04  3.128926e+15  4.153039e+36
8.500000e+04  3.128133e+15  4.149884e+36
8.600000e+04  3.127331e+15  4.146694e+36
8.700000e+04  3.126521e+15  4.143470e+36
8.800000e+04  3.125701e+15  4.140211e+36
8.900000e+04  3.124872e+15  4.136918e+36
9.000000e+04  3.124034e+15  4.133591e+36
9.100000e+04  3.123187e+15  4.130230e+36
9.200000e+04  3.122331e+15  4.126835e+36
9.300000e+04  3.121466e+15  4.123406e+36
9.400000e+04  3.120592e+15  4.119943e+36
9.500000e+04  3.119709e+15  4.116446e+36
9.600000e+04  3.118817e+15  4.112916e+36
9.700000e+04  3.117916e+15  4.109353e+36
9.800000e+04  3.117006e+15  4.105756e+36
9.900000e+04  3.116087e+15  4.102126e+36
1.000000e+05  3.115159e+15  4.098463e+36
1.010000e+05  3.114222e+15  4.094767e+36
1.020000e+05  3.113277e+15  4.091038e+36
1.030000e+05  3.112322e+15  4.087276e+36
1.040000e+05  3.111359e+15  4.083481e+36
1.050000e+05  3.110386e+15  4.079654e+36
1.060000e+05  3.109405e+15  4.075795e+36
1.070000e+05  3.108415e+15  4.071903e+36
1.080000e+05  3.107416e+15  4.067978e+36
1.090000e+05  3.106409e+15  4.064022e+36
1.100000e+05  3.105392e+15  4.060033e+36
1.110000e+05  3.104367e+15  4.056013e+36
1.120000e+05  3.103333e+15  4.051961e+36
1.130000e+05  3.102290e+15  4.047877e+36
1.140000e+05  3.101238e+15  4.043762e+36
1.150000e+05  3.100178e+15  4.039615e+36
1.160000e+05  3.099108e+15  4.035437e+36
1.170000e+05  3.098030e+15  4.031228e+36
1.180000e+05  3.096944e+15  4.026987e+36
1.190000e+05  3.095848e+15  4.022716e+36
1.200000e+05  3.094744e+15  4.018414e+36
1.210000e+05  3.093632e+15  4.014081e+36
1.220000e+05  3.092510e+15  4.009718e+36
1.230000e+05  3.091380e+15  4.005324e+36
1.240000e+05  3.090242e+15  4.000899e+36
1.250000e+05  3.089094e+15  3.996445e+36
1.260000e+05  3.087939e+15  3.991960e+36
1.270000e+05  3.086774e+15  3.987446e+36
1.280000e+05  3.085601e+15  3.982901e+36
1.290000e+05  3.084419e+15  3.978327e+36
1.300000e+05  3.083229e+15  3.973724e+36
1.310000e+05  3.082030e+15  3.969091e+36
1.320000e+05  3.080823e+15  3.964428e+36
1.330000e+05  3.079607e+15  3.959737e+36
1.340000e+05  3.078383e+15  3.955016e+36
1.350000e+05  3.077150e+15  3.950267e+36
1.360000e+05  3.075909e+15  3.945488e+36
1.370000e+05  3.074659e+15  3.940681e+36
1.380000e+05  3.073401e+15  3.935846e+36
1.390000e+05  3.072135e+15  3.930982e+36
1.400000e+05  3.070860e+15  3.926090e+36
1.410000e+05  3.069576e+15  3.921169e+36
1.420000e+05  3.068285e+15  3.916221e+36
1.430000e+05  3.066984e+15  3.911245e+36
1.440000e+05  3.065676e+15  3.906241e+36
1.450000e+05  3.064359e+15  3.901209e+36
1.460000e+05  3.063034e+15  3.896151e+36
1.470000e+05  3.061701e+15  3.891064e+36
1.480000e+05  3.060359e+15  3.885951e+36
1.490000e+05  3.059009e+15  3.880811e+36
1.500000e+05  3.057651e+15  3.875644e+36
1.510000e+05  3.056284e+15  3.870450e+36
1.520000e+05  3.054909e+15  3.865229e+36
1.530000e+05  3.053526e+15  3.859982e+36
1.540000e+05  3.052135e+15  3.854709e+36
1.550000e+05  3.050736e+15  3.849409e+36
1.560000e+05  3.049328e+15  3.844083e+36
1.570000e+05  3.047913e+15  3.838732e+36
1.580000e+05  3.046489e+15  3.833355e+36
1.590000e+05  3.045057e+15  3.827952e+36
1.600000e+05  3.043617e+15  3.822524e+36
1.610000e+05  3.042169e+15  3.817070e+36
1.620000e+05  3.040712e+15  3.811591e+36
1.630000e+05  3.039248e+15  3.806087e+36
1.640000e+05  3.037776e+15  3.800559e+36
1.650000e+05  3.036295e+15  3.795005e+36
1.660000e+05  3.034807e+15  3.789427e+36
1.670000e+05  3.033311e+15  3.783825e+36
1.680000e+05  3.031806e+15  3.778198e+36
1.690000e+05  3.030294e+15  3.772547e+36
1.700000e+05  3.028774e+15  3.766872e+36
1.710000e+05  3.027246e+15  3.761173e+36
1.720000e+05  3.025710e+15  3.755451e+36
1.730000e+05  3.024166e+15  3.749705e+36
1.740000e+05  3.022614e+15  3.743935e+36
1.750000e+05  3.021054e+15  3.738143e+36
1.760000e+05  3.019487e+15  3.732327e+36
1.770000e+05  3.017911e+15  3.726488e+36
1.780000e+05  3.016328e+15  3.720626e+36
1.790000e+05  3.014737e+15  3.714742e+36
1.800000e+05  3.013138e+15  3.708835e+36
1.810000e+05  3.011532e+15  3.702906e+36
1.820000e+05  3.009918e+15  3.696955e+36
1.830000e+05  3.008296e+15  3.690981e+36
1.840000e+05  3.006666e+15  3.684986e+36
1.850000e+05  3.005029e+15  3.678969e+36
1.860000e+05  3.003383e+15  3.672930e+36
1.870000e+05  3.001731e+15  3.666870e+36
1.880000e+05  3.000070e+15  3.660788e+36
1.890000e+05  2.998402e+15  3.654685e+36
1.900000e+05  2.996727e+15  3.648562e+36
1.910000e+05  2.995044e+15  3.642417e+36
1.920000e+05  2.993353e+15  3.636252e+36
1.930000e+05  2.991654e+15  3.630066e+36
1.940000e+05  2.989949e+15  3.623860e+36
1.950000e+05  2.988235e+15  3.617634e+36
1.960000e+05  2.986514e+15  3.611387e+36
1.970000e+05  2.984786e+15  3.605121e+36
1.980000e+05  2.983050e+15  3.598834e+36
1.990000e+05  2.981307e+15  3.592528e+36
2.000000e+05  2.979556e+15  3.586203e+36
2.010000e+05  2.977798e+15  3.579858e+36
2.020000e+05  2.976032e+15  3.573495e+36
2.030000e+05  2.974259e+15  3.567112e+36
2.040000e+05  2.972479e+15  3.560710e+36
2.050000e+05  2.970691e+15  3.554290e+36
2.060000e+05  2.968896e+15  3.547851e+36
2.070000e+05  2.967094e+15  3.541393e+36
2.080000e+05  2.965284e+15  3.534918e+36
2.090000e+05  2.963467e+15  3.528424e+36
2.100000e+05  2.961643e+15  3.521912e+36
2.110000e+05  2.959812e+15  3.515383e+36
2.120000e+05  2.957973e+15  3.508836e+36
2.130000e+05  2.956128e+15  3.502271e+36
2.140000e+05  2.954275e+15  3.495689e+36
2.150000e+05  2.952414e+15  3.489090e+36
2.160000e+05  2.950547e+15  3.482474e+36
2.170000e+05  2.948673e+15  3.475841e+36
2.180000e+05  2.946791e+15  3.469192e+36
2.190000e+05  2.944902e+15  3.462525e+36
2.200000e+05  2.943007e+15  3.455843e+36
2.210000e+05  2.941104e+15  3.449144e+36
2.220000e+05  2.939194e+15  3.442429e+36
2.230000e+05  2.937277e+15  3.435698e+36
2.240000e+05  2.935353e+15  3.428951e+36
2.250000e+05  2.933422e+15  3.422189e+36
2.260000e+05  2.931484e+15  3.415411e+36
2.270000e+05  2.929539e+15  3.408618e+36
2.280000e+05  2.927588e+15  3.401810e+36
2.290000e+05  2.925629e+15  3.394986e+36
2.300000e+05  2.923663e+15  3.388148e+36
2.310000e+05  2.921691e+15  3.381295e+36
2.320000e+05  2.919712e+15  3.374428e+36
2.330000e+05  2.917725e+15  3.367546e+36
2.340000e+05  2.915732e+15  3.360650e+36
2.350000e+05  2.913733e+15  3.353740e+36
2.360000e+05  2.911726e+15  3.346815e+36
2.370000e+05  2.909712e+15  3.339877e+36
2.380000e+05  2.907692e+15  3.332926e+36
2.390000e+05  2.905665e+15  3.325960e+36
2.400000e+05  2.903632e+15  3.318982e+36
2.410000e+05  2.901591e+15  3.311990e+36
2.420000e+05  2.899544e+15  3.304985e+36
2.430000e+05  2.897491e+15  3.297968e+36
2.440000e+05  2.895430e+15  3.290937e+36
2.450000e+05  2.893363e+15  3.283894e+36
2.460000e+05  2.891290e+15  3.276839e+36
2.470000e+05  2.889209e+15  3.269771e+36
2.480000e+05  2.887123e+15  3.262691e+36
2.490000e+05  2.885029e+15  3.255599e+36
2.500000e+05  2.882929e+15  3.248496e+36
2.510000e+05  2.880823e+15  3.241380e+36
2.520000e+05  2.878710e+15  3.234253e+36
2.530000e+05  2.876591e+15  3.227115e+36
2.540000e+05  2.874465e+15  3.219965e+36
2.550000e+05  2.872332e+15  3.212805e+36
2.560000e+05  2.870194e+15  3.205633e+36
2.570000e+05  2.868048e+15  3.198451e+36
2.580000e+05  2.865897e+15  3.191258e+36
2.590000e+05  2.863739e+15  3.184054e+36
2.600000e+05  2.861574e+15  3.176840e+36
2.610000e+05  2.859404e+15  3.169616e+36
2.620000e+05  2.857226e+15  3.162382e+36
2.630000e+05  2.855043e+15  3.155137e+36
2.640000e+05  2.852853e+15  3.147883e+36
2.650000e+05  2.850657e+15  3.140620e+36
2.660000e+05  2.848455e+15  3.133347e+36
2.670000e+05  2.846247e+15  3.126064e+36
2.680000e+05  2.844032e+15  3.118773e+36
2.690000e+05  2.841811e+15  3.111472e+36
2.700000e+05  2.839584e+15  3.104163e+36
2.710000e+05  2.837351e+15  3.096844e+36
2.720000e+05  2.835111e+15  3.089517e+36
2.730000e+05  2.832866e+15  3.082182e+36
2.740000e+05  2.830614e+15  3.074838e+36
2.750000e+05  2.828356e+15  3.067486e+36
2.760000e+05  2.826092e+15  3.060126e+36
2.770000e+05  2.823823e+15  3.052759e+36
2.780000e+05  2.821547e+15  3.045383e+36
2.790000e+05  2.819264e+15  3.038000e+36
2.800000e+05  2.816976e+15  3.030609e+36
2.810000e+05  2.814682e+15  3.023211e+36
2.820000e+05  2.812382e+15  3.015806e+36
2.830000e+05  2.810076e+15  3.008393e+36
2.840000e+05  2.807764e+15  3.000974e+36
2.850000e+05  2.805446e+15  2.993548e+36
2.860000e+05  2.803123e+15  2.986116e+36
2.870000e+05  2.800793e+15  2.978676e+36
2.880000e+05  2.798457e+15  2.971231e+36
2.890000e+05  2.796116e+15  2.963779e+36
2.900000e+05  2.793769e+15  2.956321e+36
2.910000e+05  2.791416e+15  2.948857e+36
2.920000e+05  2.789057e+15  2.941388e+36
2.930000e+05  2.786692e+15  2.933913e+36
2.940000e+05  2.784321e+15  2.926432e+36
2.950000e+05  2.781945e+15  2.918945e+36
2.960000e+05  2.779563e+15  2.911454e+36
2.970000e+05  2.777175e+15  2.903957e+36
2.980000e+05  2.774782e+15  2.896456e+36
2.990000e+05  2.772383e+15  2.888949e+36
3.000000e+05  2.769978e+15  2.881438e+36
3.010000e+05  2.767568e+15  2.873922e+36
3.020000e+05  2.765151e+15  2.866402e+36
3.030000e+05  2.762730e+15  2.858877e+36
3.040000e+05  2.760302e+15  2.851348e+36
3.050000e+05  2.757869e+15  2.843815e+36
3.060000e+05  2.755431e+15  2.836278e+36
3.070000e+05  2.752987e+15  2.828737e+36
3.080000e+05  2.750537e+15  2.821193e+36
3.090000e+05  2.748082e+15  2.813645e+36
3.100000e+05  2.745621e+15  2.806093e+36
3.110000e+05  2.743155e+15  2.798538e+36
3.120000e+05  2.740683e+15  2.790981e+36
3.130000e+05  2.738206e+15  2.783420e+36
3.140000e+05  2.735723e+15  2.775856e+36
3.150000e+05  2.733235e+15  2.768289e+36
3.160000e+05  2.730742e+15  2.760720e+36
3.170000e+05  2.728243e+15  2.753148e+36
3.180000e+05  2.725739e+15  2.745573e+36
3.190000e+05  2.723229e+15  2.737997e+36
3.200000e+05  2.720714e+15  2.730418e+36
3.210000e+05  2.718194e+15  2.722837e+36
3.220000e+05  2.715668e+15  2.715254e+36
3.230000e+05  2.713138e+15  2.707670e+36
3.240000e+05  2.710601e+15  2.700084e+36
3.250000e+05  2.708060e+15  2.692496e+36
3.260000e+05  2.705513e+15  2.684907e+36
3.270000e+05  2.702961e+15  2.677316e+36
3.280000e+05  2.700404e+15  2.669724e+36
3.290000e+05  2.697841e+15  2.662132e+36
3.300000e+05  2.695274e+15  2.654538e+36
3.310000e+05  2.692701e+15  2.646943e+36
3.320000e+05  2.690123e+15  2.639348e+36
3.330000e+05  2.687540e+15  2.631752e+36
3.340000e+05  2.684952e+15  2.624156e+36
3.350000e+05  2.682358e+15  2.616559e+36
3.360000e+05  2.679760e+15  2.608962e+36
3.370000e+05  2.677156e+15  2.601365e+36
3.380000e+05  2.674547e+15  2.593768e+36
3.390000e+05  2.671934e+15  2.586171e+36
3.400000e+05  2.669315e+15  2.578574e+36
3.410000e+05  2.666691e+15  2.570978e+36
3.420000e+05  2.664062e+15  2.563382e+36
3.430000e+05  2.661428e+15  2.555787e+36
3.440000e+05  2.658789e+15  2.548192e+36
3.450000e+05  2.656146e+15  2.540598e+36
3.460000e+05  2.653497e+15  2.533005e+36
3.470000e+05  2.650843e+15  2.525413e+36
3.480000e+05  2.648185e+15  2.517822e+36
3.490000e+05  2.645521e+15  2.510232e+36
3.500000e+05  2.642852e+15  2.502644e+36
3.510000e+05  2.640179e+15  2.495057e+36
3.520000e+05  2.637501e+15  2.487472e+36
3.530000e+05  2.634818e+15  2.479888e+36
3.540000e+05  2.632130e+15  2.472306e+36
3.550000e+05  2.629437e+15  2.464726e+36
3.560000e+05  2.626739e+15  2.457148e+36
3.570000e+05  2.624037e+15  2.449572e+36
3.580000e+05  2.621330e+15  2.441998e+36
3.590000e+05  2.618618e+15  2.434426e+36
3.600000e+05  2.615901e+15  2.426857e+36
3.610000e+05  2.613180e+15  2.419291e+36
3.620000e+05  2.610453e+15  2.411727e+36
3.630000e+05  2.607722e+15  2.404166e+36
3.640000e+05  2.604987e+15  2.396607e+36
3.650000e+05  2.602246e+15  2.389052e+36
3.660000e+05  2.599501e+15  2.381499e+36
3.670000e+05  2.596752e+15  2.373950e+36
3.680000e+05  2.593997e+15  2.366404e+36
3.690000e+05  2.591238e+15  2.358861e+36
3.700000e+05  2.588475e+15  2.351322e+36
3.710000e+05  2.585706e+15  2.343786e+36
3.720000e+05  2.582933e+15  2.336253e+36
3.730000e+05  2.580156e+15  2.328725e+36
3.740000e+05  2.577374e+15  2.321200e+36
3.750000e+05  2.574587e+15  2.313679e+36
3.760000e+05  2.571796e+15  2.306163e+36
3.770000e+05  2.569000e+15  2.298650e+36
3.780000e+05  2.566200e+15  2.291141e+36
3.790000e+05  2.563395e+15  2.283637e+36
3.800000e+05  2.560586e+15  2.276137e+36
3.810000e+05  2.557772e+15  2.268642e+36
3.820000e+05  2.554954e+15  2.261151e+36
3.830000e+05  2.552131e+15  2.253665e+36
3.840000e+05  2.549304e+15  2.246184e+36
3.850000e+05  2.546473e+15  2.238707e+36
3.860000e+05  2.543637e+15  2.231236e+36
3.870000e+05  2.540796e+15  2.223769e+36
3.880000e+05  2.537951e+15  2.216308e+36
3.890000e+05  2.535102e+15  2.208852e+36
3.900000e+05  2.532248e+15  2.201401e+36
3.910000e+05  2.529390e+15  2.193956e+36
3.920000e+05  2.526528e+15  2.186516e+36
3.930000e+05  2.523661e+15  2.179081e+36
3.940000e+05  2.520790e+15  2.171652e+36
3.950000e+05  2.517915e+15  2.164229e+36
3.960000e+05  2.515035e+15  2.156812e+36
3.970000e+05  2.512151e+15  2.149401e+36
3.980000e+05  2.509262e+15  2.141996e+36
3.990000e+05  2.506370e+15  2.134596e+36
4.000000e+05  2.503473e+15  2.127203e+36
4.010000e+05  2.500572e+15  2.119816e+36
4.020000e+05  2.497666e+15  2.112436e+36
4.030000e+05  2.494757e+15  2.105062e+36
4.040000e+05  2.491843e+15  2.097694e+36
4.050000e+05  2.488925e+15  2.090333e+36
4.060000e+05  2.486002e+15  2.082979e+36
4.070000e+05  2.483076e+15  2.075631e+36
4.080000e+05  2.480145e+15  2.068291e+36
4.090000e+05  2.477210e+15  2.060957e+36
4.100000e+05  2.474271e+15  2.053630e+36
4.110000e+05  2.471328e+15  2.046310e+36
4.120000e+05  2.468381e+15  2.038997e+36
4.130000e+05  2.465429e+15  2.031692e+36
4.140000e+05  2.462473e+15  2.024393e+36
4.150000e+05  2.459514e+15  2.017103e+36
4.160000e+05  2.456550e+15  2.009819e+36
4.170000e+05  2.453582e+15  2.002543e+36
4.180000e+05  2.450610e+15  1.995275e+36
4.190000e+05  2.447634e+15  1.988014e+36
4.200000e+05  2.444653e+15  1.980761e+36
4.210000e+05  2.441669e+15  1.973516e+36
4.220000e+05  2.438681e+15  1.966279e+36
4.230000e+05  2.435688e+15  1.959050e+36
4.240000e+05  2.432692e+15  1.951828e+36
4.250000e+05  2.429691e+15  1.944615e+36
4.260000e+05  2.426687e+15  1.937410e+36
4.270000e+05  2.423679e+15  1.930213e+36
4.280000e+05  2.420666e+15  1.923025e+36
4.290000e+05  2.417650e+15  1.915845e+36
4.300000e+05  2.414629e+15  1.908673e+36
4.310000e+05  2.411605e+15  1.901510e+36
4.320000e+05  2.408576e+15  1.894356e+36
4.330000e+05  2.405544e+15  1.887210e+36
4.340000e+05  2.402508e+15  1.880073e+36
4.350000e+05  2.399468e+15  1.872945e+36
4.360000e+05  2.396423e+15  1.865825e+36
4.370000e+05  2.393375e+15  1.858714e+36
4.380000e+05  2.390323e+15  1.851613e+36
4.390000e+05  2.387267e+15  1.844520e+36
4.400000e+05  2.384208e+15  1.837437e+36
4.410000e+05  2.381144e+15  1.830363e+36
4.420000e+05  2.378076e+15  1.823298e+36
4.430000e+05  2.375005e+15  1.816242e+36
4.440000e+05  2.371929e+15  1.809196e+36
4.450000e+05  2.368850e+15  1.802159e+36
4.460000e+05  2.365767e+15  1.795131e+36
4.470000e+05  2.362680e+15  1.788113e+36
4.480000e+05  2.359589e+15  1.781105e+36
4.490000e+05  2.356495e+15  1.774107e+36
4.500000e+05  2.353396e+15  1.767118e+36
4.510000e+05  2.350294e+15  1.760139e+36
4.520000e+05  2.347188e+15  1.753170e+36
4.530000e+05  2.344078e+15  1.746210e+36
4.540000e+05  2.340964e+15  1.739261e+36
4.550000e+05  2.337847e+15  1.732322e+36
4.560000e+05  2.334726e+15  1.725392e+36
4.570000e+05  2.331601e+15  1.718473e+36
4.580000e+05  2.328472e+15  1.711564e+36
4.590000e+05  2.325339e+15  1.704666e+36
4.600000e+05  2.322203e+15  1.697777e+36
4.610000e+05  2.319063e+15  1.690899e+36
4.620000e+05  2.315919e+15  1.684032e+36
4.630000e+05  2.312771e+15  1.677175e+36
4.640000e+05  2.309620e+15  1.670328e+36
4.650000e+05  2.306465e+15  1.663492e+36
4.660000e+05  2.303306e+15  1.656667e+36
4.670000e+05  2.300143e+15  1.649852e+36
4.680000e+05  2.296977e+15  1.643048e+36
4.690000e+05  2.293807e+15  1.636255e+36
4.700000e+05  2.290633e+15  1.629473e+36
4.710000e+05  2.287456e+15  1.622701e+36
4.720000e+05  2.284275e+15  1.615941e+36
4.730000e+05  2.281090e+15  1.609191e+36
4.740000e+05  2.277902e+15  1.602453e+36
4.750000e+05  2.274709e+15  1.595725e+36
4.760000e+05  2.271514e+15  1.589009e+36
4.770000e+05  2.268314e+15  1.582304e+36
4.780000e+05  2.265111e+15  1.575610e+36
4.790000e+05  2.261904e+15  1.568927e+36
4.800000e+05  2.258693e+15  1.562256e+36
4.810000e+05  2.255479e+15  1.555596e+36
4.820000e+05  2.252261e+15  1.548947e+36
4.830000e+05  2.249040e+15  1.542310e+36
4.840000e+05  2.245815e+15  1.535685e+36
4.850000e+05  2.242586e+15  1.529071e+36
4.860000e+05  2.239354e+15  1.522468e+36
4.870000e+05  2.236117e+15  1.515878e+36
4.880000e+05  2.232878e+15  1.509298e+36
4.890000e+05  2.229634e+15  1.502731e+36
4.900000e+05  2.226387e+15  1.496176e+36
4.910000e+05  2.223137e+15  1.489632e+36
4.920000e+05  2.219883e+15  1.483100e+36
4.930000e+05  2.216625e+15  1.476580e+36
4.940000e+05  2.213363e+15  1.470072e+36
4.950000e+05  2.210098e+15  1.463575e+36
4.960000e+05  2.206830e+15  1.457091e+36
4.970000e+05  2.203558e+15  1.450619e+36
4.980000e+05  2.200282e+15  1.444159e+36
4.990000e+05  2.197002e+15  1.437712e+36
5.000000e+05  2.193719e+15  1.431276e+36
5.010000e+05  2.190432e+15  1.424852e+36
5.020000e+05  2.187142e+15  1.418441e+36
5.030000e+05  2.183848e+15  1.412042e+36
5.040000e+05  2.180551e+15  1.405656e+36
5.050000e+05  2.177250e+15  1.399282e+36
5.060000e+05  2.173945e+15  1.392920e+36
5.070000e+05  2.170637e+15  1.386571e+36
5.080000e+05  2.167325e+15  1.380234e+36
5.090000e+05  2.164010e+15  1.373909e+36
5.100000e+05  2.160691e+15  1.367598e+36
5.110000e+05  2.157369e+15  1.361298e+36
5.120000e+05  2.154042e+15  1.355012e+36
5.130000e+05  2.150713e+15  1.348738e+36
5.140000e+05  2.147380e+15  1.342477e+36
5.150000e+05  2.144043e+15  1.336228e+36
5.160000e+05  2.140702e+15  1.329992e+36
5.170000e+05  2.137358e+15  1.323769e+36
5.180000e+05  2.134011e+15  1.317559e+36
5.190000e+05  2.130660e+15  1.311362e+36
5.200000e+05  2.127305e+15  1.305177e+36
5.210000e+05  2.123947e+15  1.299006e+36
5.220000e+05  2.120585e+15  1.292847e+36
5.230000e+05  2.117219e+15  1.286702e+36
5.240000e+05  2.113850e+15  1.280569e+36
5.250000e+05  2.110478e+15  1.274450e+36
5.260000e+05  2.107102e+15  1.268343e+36
5.270000e+05  2.103722e+15  1.262250e+36
5.280000e+05  2.100339e+15  1.256170e+36
5.290000e+05  2.096952e+15  1.250103e+36
5.300000e+05  2.093561e+15  1.244049e+36
5.310000e+05  2.090167e+15  1.238008e+36
5.320000e+05  2.086770e+15  1.231981e+36
5.330000e+05  2.083369e+15  1.225967e+36
5.340000e+05  2.079964e+15  1.219966e+36
5.350000e+05  2.076556e+15  1.213978e+36
5.360000e+05  2.073144e+15  1.208004e+36
5.370000e+05  2.069728e+15  1.202044e+36
5.380000e+05  2.066309e+15  1.196096e+36
5.390000e+05  2.062886e+15  1.190162e+36
5.400000e+05  2.059460e+15  1.184242e+36
5.410000e+05  2.056030e+15  1.178335e+36
5.420000e+05  2.052597e+15  1.172442e+36
5.430000e+05  2.049160e+15  1.166562e+36
5.440000e+05  2.045719e+15  1.160696e+36
5.450000e+05  2.042275e+15  1.154843e+36
5.460000e+05  2.038827e+15  1.149004e+36
5.470000e+05  2.035376e+15  1.143178e+36
5.480000e+05  2.031921e+15  1.137367e+36
5.490000e+05  2.028462e+15  1.131569e+36
5.500000e+05  2.025000e+15  1.125784e+36
5.510000e+05  2.021534e+15  1.120013e+36
5.520000e+05  2.018064e+15  1.114257e+36
5.530000e+05  2.014591e+15  1.108514e+36
5.540000e+05  2.011114e+15  1.102784e+36
5.550000e+05  2.007634e+15  1.097069e+36
5.560000e+05  2.004150e+15  1.091367e+36
5.570000e+05  2.000662e+15  1.085679e+36
5.580000e+05  1.997171e+15  1.080005e+36
5.590000e+05  1.993676e+15  1.074345e+36
5.600000e+05  1.990177e+15  1.068699e+36
5.610000e+05  1.986675e+15  1.063067e+36
5.620000e+05  1.983169e+15  1.057449e+36
5.630000e+05  1.979660e+15  1.051845e+36
5.640000e+05  1.976146e+15  1.046255e+36
5.650000e+05  1.972629e+15  1.040679e+36
5.660000e+05  1.969109e+15  1.035117e+36
5.670000e+05  1.965584e+15  1.029569e+36
5.680000e+05  1.962056e+15  1.024035e+36
5.690000e+05  1.958525e+15  1.018515e+36
5.700000e+05  1.954989e+15  1.013010e+36
5.710000e+05  1.951450e+15  1.007518e+36
5.720000e+05  1.947908e+15  1.002041e+36
5.730000e+05  1.944361e+15  9.965774e+35
5.740000e+05  1.940811e+15  9.911284e+35
5.750000e+05  1.937257e+15  9.856937e+35
5.760000e+05  1.933699e+15  9.802731e+35
5.770000e+05  1.930138e+15  9.748668e+35
5.780000e+05  1.926573e+15  9.694747e+35
5.790000e+05  1.923004e+15  9.640969e+35
5.800000e+05  1.919431e+15  9.587334e+35
5.810000e+05  1.915855e+15  9.533843e+35
5.820000e+05  1.912274e+15  9.480494e+35
5.830000e+05  1.908690e+15  9.427289e+35
5.840000e+05  1.905103e+15  9.374227e+35
5.850000e+05  1.901511e+15  9.321309e+35
5.860000e+05  1.897916e+15  9.268535e+35
5.870000e+05  1.894317e+15  9.215904e+35
5.880000e+05  1.890714e+15  9.163418e+35
5.890000e+05  1.887107e+15  9.111077e+35
5.900000e+05  1.883496e+15  9.058879e+35
5.910000e+05  1.879882e+15  9.006826e+35
5.920000e+05  1.876263e+15  8.954918e+35
5.930000e+05  1.872641e+15  8.903154e+35
5.940000e+05  1.869015e+15  8.851536e+35
5.950000e+05  1.865385e+15  8.800063e+35
5.960000e+05  1.861751e+15  8.748734e+35
5.970000e+05  1.858114e+15  8.697551e+35
5.980000e+05  1.854472e+15  8.646514e+35
5.990000e+05  1.850826e+15  8.595622e+35
6.000000e+05  1.847177e+15  8.544876e+35
6.010000e+05  1.843524e+15  8.494275e+35
6.020000e+05  1.839866e+15  8.443821e+35
6.030000e+05  1.836205e+15  8.393512e+35
6.040000e+05  1.832540e+15  8.343350e+35
6.050000e+05  1.828870e+15  8.293333e+35
6.060000e+05  1.825197e+15  8.243464e+35
6.070000e+05  1.821520e+15  8.193740e+35
6.080000e+05  1.817839e+15  8.144164e+35
6.090000e+05  1.814154e+15  8.094733e+35
6.100000e+05  1.810465e+15  8.045450e+35
6.110000e+05  1.806771e+15  7.996314e+35
6.120000e+05  1.803074e+15  7.947324e+35
6.130000e+05  1.799373e+15  7.898482e+35
6.140000e+05  1.795667e+15  7.849787e+35
6.150000e+05  1.791958e+15  7.801239e+35
6.160000e+05  1.788244e+15  7.752838e+35
6.170000e+05  1.784526e+15  7.704585e+35
6.180000e+05  1.780805e+15  7.656479e+35
6.190000e+05  1.777079e+15  7.608521e+35
6.200000e+05  1.773349e+15  7.560711e+35
6.210000e+05  1.769614e+15  7.513049e+35
6.220000e+05  1.765876e+15  7.465534e+35
6.230000e+05  1.762133e+15  7.418167e+35
6.240000e+05  1.758387e+15  7.370949e+35
6.250000e+05  1.754636e+15  7.323878e+35
6.260000e+05  1.750880e+15  7.276956e+35
6.270000e+05  1.747121e+15  7.230182e+35
6.280000e+05  1.743357e+15  7.183556e+35
6.290000e+05  1.739589e+15  7.137079e+35
6.300000e+05  1.735817e+15  7.090750e+35
6.310000e+05  1.732041e+15  7.044570e+35
6.320000e+05  1.728260e+15  6.998538e+35
6.330000e+05  1.724475e+15  6.952655e+35
6.340000e+05  1.720685e+15  6.906921e+35
6.350000e+05  1.716891e+15  6.861336e+35
6.360000e+05  1.713093e+15  6.815900e+35
6.370000e+05  1.709291e+15  6.770612e+35
6.380000e+05  1.705484e+15  6.725474e+35
6.390000e+05  1.701672e+15  6.680484e+35
6.400000e+05  1.697856e+15  6.635644e+35
6.410000e+05  1.694036e+15  6.590953e+35
6.420000e+05  1.690211e+15  6.546412e+35
6.430000e+05  1.686382e+15  6.502019e+35
6.440000e+05  1.682548e+15  6.457776e+35
6.450000e+05  1.678710e+15  6.413682e+35
6.460000e+05  1.674867e+15  6.369738e+35
6.470000e+05  1.671020e+15  6.325944e+35
6.480000e+05  1.667168e+15  6.282298e+35
6.490000e+05  1.663312e+15  6.238803e+35
6.500000e+05  1.659451e+15  6.195457e+35
6.510000e+05  1.655585e+15  6.152261e+35
6.520000e+05  1.651715e+15  6.109215e+35
6.530000e+05  1.647840e+15  6.066318e+35
6.540000e+05  1.643960e+15  6.023571e+35
6.550000e+05  1.640076e+15  5.980975e+35
6.560000e+05  1.636187e+15  5.938528e+35
6.570000e+05  1.632293e+15  5.896231e+35
6.580000e+05  1.628394e+15  5.854084e+35
6.590000e+05  1.624491e+15  5.812087e+35
6.600000e+05  1.620583e+15  5.770240e+35
6.610000e+05  1.616670e+15  5.728543e+35
6.620000e+05  1.612752e+15  5.686997e+35
6.630000e+05  1.608829e+15  5.645601e+35
6.640000e+05  1.604902e+15  5.604354e+35
6.650000e+05  1.600969e+15  5.563258e+35
6.660000e+05  1.597032e+15  5.522313e+35
6.670000e+05  1.593090e+15  5.481518e+35
6.680000e+05  1.589142e+15  5.440873e+35
6.690000e+05  1.585190e+15  5.400378e+35
6.700000e+05  1.581233e+15  5.360034e+35
6.710000e+05  1.577270e+15  5.319840e+35
6.720000e+05  1.573303e+15  5.279797e+35
6.730000e+05  1.569330e+15  5.239904e+35
6.740000e+05  1.565353e+15  5.200162e+35
6.750000e+05  1.561370e+15  5.160570e+35
6.760000e+05  1.557382e+15  5.121129e+35
6.770000e+05  1.553389e+15  5.081838e+35
6.780000e+05  1.549390e+15  5.042698e+35
6.790000e+05  1.545387e+15  5.003708e+35
6.800000e+05  1.541378e+15  4.964869e+35
6.810000e+05  1.537364e+15  4.926181e+35
6.820000e+05  1.533345e+15  4.887644e+35
6.830000e+05  1.529320e+15  4.849257e+35
6.840000e+05  1.525290e+15  4.811021e+35
6.850000e+05  1.521254e+15  4.772935e+35
6.860000e+05  1.517213e+15  4.735001e+35
6.870000e+05  1.513167e+15  4.697217e+35
6.880000e+05  1.509115e+15  4.659584e+35
6.890000e+05  1.505057e+15  4.622101e+35
6.900000e+05  1.500994e+15  4.584770e+35
6.910000e+05  1.496926e+15  4.547589e+35
6.920000e+05  1.492852e+15  4.510559e+35
6.930000e+05  1.488772e+15  4.473680e+35
6.940000e+05  1.484687e+15  4.436951e+35
6.950000e+05  1.480596e+15  4.400374e+35
6.960000e+05  1.476499e+15  4.363947e+35
6.970000e+05  1.472396e+15  4.327671e+35
6.980000e+05  1.468288e+15  4.291547e+35
6.990000e+05  1.464174e+15  4.255573e+35
7.000000e+05  1.460054e+15  4.219749e+35
7.010000e+05  1.455928e+15  4.184077e+35
7.020000e+05  1.451796e+15  4.148556e+35
7.030000e+05  1.447658e+15  4.113185e+35
7.040000e+05  1.443514e+15  4.077966e+35
7.050000e+05  1.439365e+15  4.042897e+35
7.060000e+05  1.435209e+15  4.007979e+35
7.070000e+05  1.431047e+15  3.973213e+35
7.080000e+05  1.426879e+15  3.938597e+35
7.090000e+05  1.422705e+15  3.904132e+35
7.100000e+05  1.418524e+15  3.869818e+35
7.110000e+05  1.414338e+15  3.835654e+35
7.120000e+05  1.410145e+15  3.801642e+35
7.130000e+05  1.405945e+15  3.767781e+35
7.140000e+05  1.401740e+15  3.734070e+35
7.150000e+05  1.397528e+15  3.700511e+35
7.160000e+05  1.393309e+15  3.667102e+35
7.170000e+05  1.389085e+15  3.633844e+35
7.180000e+05  1.384853e+15  3.600738e+35
7.190000e+05  1.380615e+15  3.567782e+35
7.200000e+05  1.376371e+15  3.534977e+35
7.210000e+05  1.372120e+15  3.502323e+35
7.220000e+05  1.367862e+15  3.469819e+35
7.230000e+05  1.363597e+15  3.437467e+35
7.240000e+05  1.359326e+15  3.405265e+35
7.250000e+05  1.355048e+15  3.373215e+35
7.260000e+05  1.350763e+15  3.341315e+35
7.270000e+05  1.346471e+15  3.309566e+35
7.280000e+05  1.342172e+15  3.277968e+35
7.290000e+05  1.337866e+15  3.246521e+35
7.300000e+05  1.333553e+15  3.215224e+35
7.310000e+05  1.329233e+15  3.184079e+35
7.320000e+05  1.324906e+15  3.153084e+35
7.330000e+05  1.320572e+15  3.122240e+35
7.340000e+05  1.316230e+15  3.091546e+35
7.350000e+05  1.311881e+15  3.061004e+35
7.360000e+05  1.307525e+15  3.030612e+35
7.370000e+05  1.303162e+15  3.000371e+35
7.380000e+05  1.298790e+15  2.970281e+35
7.390000e+05  1.294412e+15  2.940342e+35
7.400000e+05  1.290026e+15  2.910553e+35
7.410000e+05  1.285632e+15  2.880915e+35
7.420000e+05  1.281231e+15  2.851427e+35
7.430000e+05  1.276822e+15  2.822091e+35
7.440000e+05  1.272405e+15  2.792905e+35
7.450000e+05  1.267980e+15  2.763869e+35
7.460000e+05  1.263547e+15  2.734984e+35
7.470000e+05  1.259107e+15  2.706250e+35
7.480000e+05  1.254658e+15  2.677667e+35
7.490000e+05  1.250201e+15  2.649234e+35
7.500000e+05  1.245737e+15  2.620951e+35
7.510000e+05  1.241264e+15  2.592819e+35
7.520000e+05  1.236782e+15  2.564838e+35
7.530000e+05  1.232292e+15  2.537007e+35
7.540000e+05  1.227794e+15  2.509327e+35
7.550000e+05  1.223288e+15  2.481797e+35
7.560000e+05  1.218773e+15  2.454417e+35
7.570000e+05  1.214249e+15  2.427188e+35
7.580000e+05  1.209716e+15  2.400109e+35
7.590000e+05  1.205175e+15  2.373181e+35
7.600000e+05  1.200625e+15  2.346403e+35
7.610000e+05  1.196066e+15  2.319776e+35
7.620000e+05  1.191498e+15  2.293298e+35
7.630000e+05  1.186921e+15  2.266972e+35
7.640000e+05  1.182335e+15  2.240795e+35
7.650000e+05  1.177740e+15  2.214768e+35
7.660000e+05  1.173135e+15  2.188892e+35
7.670000e+05  1.168521e+15  2.163166e+35
7.680000e+05  1.163898e+15  2.137591e+35
7.690000e+05  1.159264e+15  2.112165e+35
7.700000e+05  1.154622e+15  2.086890e+35
7.710000e+05  1.149969e+15  2.061764e+35
7.720000e+05  1.145307e+15  2.036789e+35
7.730000e+05  1.140635e+15  2.011964e+35
7.740000e+05  1.135953e+15  1.987288e+35
7.750000e+05  1.131260e+15  1.962763e+35
7.760000e+05  1.126558e+15  1.938388e+35
7.770000e+05  1.121845e+15  1.914163e+35
7.780000e+05  1.117122e+15  1.890087e+35
7.790000e+05  1.112388e+15  1.866162e+35
7.800000e+05  1.107644e+15  1.842386e+35
7.810000e+05  1.102889e+15  1.818761e+35
7.820000e+05  1.098123e+15  1.795285e+35
7.830000e+05  1.093346e+15  1.771959e+35
7.840000e+05  1.088559e+15  1.748782e+35
7.850000e+05  1.083760e+15  1.725756e+35
7.860000e+05  1.078950e+15  1.702879e+35
7.870000e+05  1.074128e+15  1.680151e+35
7.880000e+05  1.069295e+15  1.657574e+35
7.890000e+05  1.064450e+15  1.635146e+35
7.900000e+05  1.059594e+15  1.612867e+35
7.910000e+05  1.054726e+15  1.590738e+35
7.920000e+05  1.049845e+15  1.568759e+35
7.930000e+05  1.044953e+15  1.546929e+35
7.940000e+05  1.040048e+15  1.525248e+35
7.950000e+05  1.035131e+15  1.503717e+35
7.960000e+05  1.030201e+15  1.482335e+35
7.970000e+05  1.025259e+15  1.461103e+35
7.980000e+05  1.020303e+15  1.440019e+35
7.990000e+05  1.015335e+15  1.419086e+35
8.000000e+05  1.010354e+15  1.398301e+35
8.010000e+05  1.005359e+15  1.377665e+35
8.020000e+05  1.000351e+15  1.357179e+35
8.030000e+05  9.953289e+14  1.336842e+35
8.040000e+05  9.902932e+14  1.316654e+35
8.050000e+05  9.852435e+14  1.296615e+35
8.060000e+05  9.801797e+14  1.276725e+35
8.070000e+05  9.751015e+14  1.256984e+35
8.080000e+05  9.700088e+14  1.237392e+35
8.090000e+05  9.649014e+14  1.217949e+35
8.100000e+05  9.597790e+14  1.198655e+35
8.110000e+05  9.546416e+14  1.179509e+35
8.120000e+05  9.494888e+14  1.160513e+35
8.130000e+05  9.443206e+14  1.141665e+35
8.140000e+05  9.391366e+14  1.122966e+35
8.150000e+05  9.339366e+14  1.104415e+35
8.160000e+05  9.287205e+14  1.086014e+35
8.170000e+05  9.234880e+14  1.067761e+35
8.180000e+05  9.182388e+14  1.049656e+35
8.190000e+05  9.129727e+14  1.031701e+35
8.200000e+05  9.076895e+14  1.013893e+35
8.210000e+05  9.023889e+14  9.962345e+34
8.220000e+05  8.970707e+14  9.787242e+34
8.230000e+05  8.917346e+14  9.613623e+34
8.240000e+05  8.863802e+14  9.441488e+34
8.250000e+05  8.810074e+14  9.270837e+34
8.260000e+05  8.756158e+14  9.101670e+34
8.270000e+05  8.702052e+14  8.933985e+34
8.280000e+05  8.647751e+14  8.767784e+34
8.290000e+05  8.593254e+14  8.603065e+34
8.300000e+05  8.538556e+14  8.439828e+34
8.310000e+05  8.483655e+14  8.278073e+34
8.320000e+05  8.428547e+14  8.117800e+34
8.330000e+05  8.373228e+14  7.959008e+34
8.340000e+05  8.317694e+14  7.801698e+34
8.350000e+05  8.261943e+14  7.645869e+34
8.360000e+05  8.205969e+14  7.491520e+34
8.370000e+05  8.149770e+14  7.338652e+34
8.380000e+05  8.093340e+14  7.187265e+34
8.390000e+05  8.036676e+14  7.037358e+34
8.400000e+05  7.979773e+14  6.888931e+34
8.410000e+05  7.922626e+14  6.741984e+34
8.420000e+05  7.865231e+14  6.596517e+34
8.430000e+05  7.807583e+14  6.452530e+34
8.440000e+05  7.749676e+14  6.310023e+34
8.450000e+05  7.691506e+14  6.168995e+34
8.460000e+05  7.633067e+14  6.029447e+34
8.470000e+05  7.574353e+14  5.891379e+34
8.480000e+05  7.515360e+14  5.754791e+34
8.490000e+05  7.456079e+14  5.619683e+34
8.500000e+05  7.396506e+14  5.486055e+34
8.510000e+05  7.336634e+14  5.353907e+34
8.520000e+05  7.276456e+14  5.223240e+34
8.530000e+05  7.215965e+14  5.094054e+34
8.540000e+05  7.155154e+14  4.966348e+34
8.550000e+05  7.094015e+14  4.840124e+34
8.560000e+05  7.032540e+14  4.715382e+34
8.570000e+05  6.970721e+14  4.592122e+34
8.580000e+05  6.908550e+14  4.470345e+34
8.590000e+05  6.846018e+14  4.350051e+34
8.600000e+05  6.783115e+14  4.231241e+34
8.610000e+05  6.719831e+14  4.113916e+34
8.620000e+05  6.656158e+14  3.998076e+34
8.630000e+05  6.592083e+14  3.883723e+34
8.640000e+05  6.527596e+14  3.770857e+34
8.650000e+05  6.462686e+14  3.659480e+34
8.660000e+05  6.397339e+14  3.549592e+34
8.670000e+05  6.331545e+14  3.441195e+34
8.680000e+05  6.265288e+14  3.334290e+34
8.690000e+05  6.198556e+14  3.228879e+34
8.700000e+05  6.131333e+14  3.124964e+34
8.710000e+05  6.063604e+14  3.022545e+34
8.720000e+05  5.995352e+14  2.921625e+34
8.730000e+05  5.926562e+14  2.822206e+34
8.740000e+05  5.857213e+14  2.724290e+34
8.750000e+05  5.787288e+14  2.627880e+34
8.760000e+05  5.716765e+14  2.532978e+34
8.770000e+05  5.645624e+14  2.439586e+34
8.780000e+05  5.573842e+14  2.347709e+34
8.790000e+05  5.501394e+14  2.257349e+34
8.800000e+05  5.428256e+14  2.168509e+34
8.810000e+05  5.354399e+14  2.081193e+34
8.820000e+05  5.279794e+14  1.995406e+34
8.830000e+05  5.204411e+14  1.911151e+34
8.840000e+05  5.128216e+14  1.828434e+34
8.850000e+05  5.051173e+14  1.747258e+34
8.860000e+05  4.952044e+14  1.667686e+34
8.870000e+05  4.813040e+14  1.590399e+34
8.880000e+05  4.675848e+14  1.515564e+34
8.890000e+05  4.540475e+14  1.443142e+34
8.900000e+05  4.406925e+14  1.373092e+34
8.910000e+05  4.275203e+14  1.305374e+34
8.920000e+05  4.145313e+14  1.239945e+34
8.930000e+05  4.017259e+14  1.176766e+34
8.940000e+05  3.891045e+14  1.115794e+34
8.950000e+05  3.766675e+14  1.056989e+34
8.960000e+05  3.644152e+14  1.000309e+34
8.970000e+05  3.523478e+14  9.457136e+33
8.980000e+05  3.404658e+14  8.931603e+33
8.990000e+05  3.287693e+14  8.426082e+33
9.000000e+05  3.172586e+14  7.940159e+33
9.010000e+05  3.059339e+14  7.473423e+33
9.020000e+05  2.947954e+14  7.025462e+33
9.030000e+05  2.838435e+14  6.595866e+33
9.040000e+05  2.730782e+14  6.184226e+33
9.050000e+05  2.624998e+14  5.790133e+33
9.060000e+05  2.521084e+14  5.413182e+33
9.070000e+05  2.419044e+14  5.052968e+33
9.080000e+05  2.318878e+14  4.709089e+33
9.090000e+05  2.220590e+14  4.381144e+33
9.100000e+05  2.124181e+14  4.068735e+33
9.110000e+05  2.029653e+14  3.771465e+33
9.120000e+05  1.937011e+14  3.488942e+33
9.130000e+05  1.846256e+14  3.220772e+33
9.140000e+05  1.757391e+14  2.966569e+33
9.150000e+05  1.670421e+14  2.725945e+33
9.160000e+05  1.585350e+14  2.498516e+33
9.170000e+05  1.502182e+14  2.283903e+33
9.180000e+05  1.420921e+14  2.081726e+33
9.190000e+05  1.341575e+14  1.891611e+33
9.200000e+05  1.264149e+14  1.713183e+33
9.210000e+05  1.188650e+14  1.546074e+33
9.220000e+05  1.115088e+14  1.389916e+33
9.230000e+05  1.043470e+14  1.244344e+33
9.240000e+05  9.738091e+13  1.108996e+33
9.250000e+05  9.061155e+13  9.835117e+32
9.260000e+05  8.404032e+13  8.675339e+32
9.270000e+05  7.766876e+13  7.607072e+32
9.280000e+05  7.149860e+13  6.626785e+32
9.290000e+05  6.553183e+13  5.730960e+32
9.300000e+05  5.977069e+13  4.916100e+32
9.310000e+05  5.421776e+13  4.178717e+32
9.320000e+05  4.887599e+13  3.515332e+32
9.330000e+05  4.374878e+13  2.922471e+32
9.340000e+05  3.884003e+13  2.396659e+32
9.350000e+05  3.415431e+13  1.934414e+32
9.360000e+05  2.969696e+13  1.532241e+32
9.370000e+05  2.547429e+13  1.186616e+32
9.380000e+05  2.149382e+13  8.939835e+31
9.390000e+05  1.776467e+13  6.507323e+31
9.400000e+05  1.429810e+13  4.531799e+31
9.410000e+05  1.110824e+13  2.975426e+31
9.420000e+05  8.213500e+12  1.798957e+31
9.430000e+05  5.638798e+12  9.611352e+30
9.440000e+05  3.420143e+12  4.177156e+30
9.450000e+05  1.615415e+12  1.196595e+30
9.460000e+05  3.411257e+11  8.960476e+28
9.470000e+05  nan  nan
