   Radius        Density      Pressure     
2.000000e+03  7.943260e+14  6.794800e+34
3.000000e+03  7.943234e+14  6.794731e+34
4.000000e+03  7.943198e+14  6.794641e+34
5.000000e+03  7.943154e+14  6.794528e+34
6.000000e+03  7.943100e+14  6.794390e+34
7.000000e+03  7.943037e+14  6.794227e+34
8.000000e+03  7.942964e+14  6.794040e+34
9.000000e+03  7.942882e+14  6.793829e+34
1.000000e+04  7.942790e+14  6.793592e+34
1.100000e+04  7.942688e+14  6.793331e+34
1.200000e+04  7.942577e+14  6.793045e+34
1.300000e+04  7.942456e+14  6.792735e+34
1.400000e+04  7.942325e+14  6.792399e+34
1.500000e+04  7.942184e+14  6.792039e+34
1.600000e+04  7.942034e+14  6.791654e+34
1.700000e+04  7.941875e+14  6.791244e+34
1.800000e+04  7.941705e+14  6.790810e+34
1.900000e+04  7.941526e+14  6.790350e+34
2.000000e+04  7.941337e+14  6.789866e+34
2.100000e+04  7.941139e+14  6.789357e+34
2.200000e+04  7.940931e+14  6.788823e+34
2.300000e+04  7.940713e+14  6.788265e+34
2.400000e+04  7.940486e+14  6.787681e+34
2.500000e+04  7.940248e+14  6.787073e+34
2.600000e+04  7.940002e+14  6.786440e+34
2.700000e+04  7.939745e+14  6.785783e+34
2.800000e+04  7.939479e+14  6.785100e+34
2.900000e+04  7.939203e+14  6.784393e+34
3.000000e+04  7.938917e+14  6.783661e+34
3.100000e+04  7.938622e+14  6.782904e+34
3.200000e+04  7.938317e+14  6.782122e+34
3.300000e+04  7.938003e+14  6.781316e+34
3.400000e+04  7.937678e+14  6.780485e+34
3.500000e+04  7.937344e+14  6.779629e+34
3.600000e+04  7.937001e+14  6.778748e+34
3.700000e+04  7.936647e+14  6.777843e+34
3.800000e+04  7.936284e+14  6.776913e+34
3.900000e+04  7.935911e+14  6.775958e+34
4.000000e+04  7.935529e+14  6.774978e+34
4.100000e+04  7.935137e+14  6.773974e+34
4.200000e+04  7.934735e+14  6.772945e+34
4.300000e+04  7.934323e+14  6.771891e+34
4.400000e+04  7.933902e+14  6.770813e+34
4.500000e+04  7.933471e+14  6.769710e+34
4.600000e+04  7.933031e+14  6.768582e+34
4.700000e+04  7.932580e+14  6.767429e+34
4.800000e+04  7.932120e+14  6.766252e+34
4.900000e+04  7.931651e+14  6.765050e+34
5.000000e+04  7.931171e+14  6.763824e+34
5.100000e+04  7.930682e+14  6.762573e+34
5.200000e+04  7.930183e+14  6.761297e+34
5.300000e+04  7.929675e+14  6.759996e+34
5.400000e+04  7.929157e+14  6.758671e+34
5.500000e+04  7.928629e+14  6.757321e+34
5.600000e+04  7.928091e+14  6.755947e+34
5.700000e+04  7.927544e+14  6.754548e+34
5.800000e+04  7.926987e+14  6.753124e+34
5.900000e+04  7.926420e+14  6.751676e+34
6.000000e+04  7.925844e+14  6.750203e+34
6.100000e+04  7.925258e+14  6.748705e+34
6.200000e+04  7.924662e+14  6.747183e+34
6.300000e+04  7.924056e+14  6.745637e+34
6.400000e+04  7.923441e+14  6.744066e+34
6.500000e+04  7.922816e+14  6.742470e+34
6.600000e+04  7.922181e+14  6.740850e+34
6.700000e+04  7.921537e+14  6.739205e+34
6.800000e+04  7.920883e+14  6.737535e+34
6.900000e+04  7.920219e+14  6.735841e+34
7.000000e+04  7.919545e+14  6.734123e+34
7.100000e+04  7.918862e+14  6.732380e+34
7.200000e+04  7.918169e+14  6.730613e+34
7.300000e+04  7.917466e+14  6.728821e+34
7.400000e+04  7.916754e+14  6.727005e+34
7.500000e+04  7.916032e+14  6.725164e+34
7.600000e+04  7.915300e+14  6.723299e+34
7.700000e+04  7.914558e+14  6.721409e+34
7.800000e+04  7.913807e+14  6.719495e+34
7.900000e+04  7.913046e+14  6.717556e+34
8.000000e+04  7.912275e+14  6.715593e+34
8.100000e+04  7.911494e+14  6.713606e+34
8.200000e+04  7.910704e+14  6.711594e+34
8.300000e+04  7.909904e+14  6.709558e+34
8.400000e+04  7.909094e+14  6.707498e+34
8.500000e+04  7.908275e+14  6.705413e+34
8.600000e+04  7.907445e+14  6.703304e+34
8.700000e+04  7.906606e+14  6.701170e+34
8.800000e+04  7.905758e+14  6.699012e+34
8.900000e+04  7.904899e+14  6.696830e+34
9.000000e+04  7.904031e+14  6.694624e+34
9.100000e+04  7.903153e+14  6.692393e+34
9.200000e+04  7.902265e+14  6.690138e+34
9.300000e+04  7.901368e+14  6.687859e+34
9.400000e+04  7.900460e+14  6.685555e+34
9.500000e+04  7.899543e+14  6.683228e+34
9.600000e+04  7.898617e+14  6.680876e+34
9.700000e+04  7.897680e+14  6.678500e+34
9.800000e+04  7.896734e+14  6.676099e+34
9.900000e+04  7.895778e+14  6.673675e+34
1.000000e+05  7.894812e+14  6.671226e+34
1.010000e+05  7.893836e+14  6.668753e+34
1.020000e+05  7.892851e+14  6.666256e+34
1.030000e+05  7.891856e+14  6.663735e+34
1.040000e+05  7.890851e+14  6.661190e+34
1.050000e+05  7.889836e+14  6.658620e+34
1.060000e+05  7.888812e+14  6.656027e+34
1.070000e+05  7.887778e+14  6.653409e+34
1.080000e+05  7.886734e+14  6.650768e+34
1.090000e+05  7.885680e+14  6.648102e+34
1.100000e+05  7.884616e+14  6.645413e+34
1.110000e+05  7.883543e+14  6.642699e+34
1.120000e+05  7.882460e+14  6.639961e+34
1.130000e+05  7.881367e+14  6.637200e+34
1.140000e+05  7.880264e+14  6.634414e+34
1.150000e+05  7.879151e+14  6.631605e+34
1.160000e+05  7.878029e+14  6.628771e+34
1.170000e+05  7.876897e+14  6.625914e+34
1.180000e+05  7.875755e+14  6.623032e+34
1.190000e+05  7.874603e+14  6.620127e+34
1.200000e+05  7.873442e+14  6.617198e+34
1.210000e+05  7.872270e+14  6.614245e+34
1.220000e+05  7.871089e+14  6.611268e+34
1.230000e+05  7.869898e+14  6.608268e+34
1.240000e+05  7.868697e+14  6.605243e+34
1.250000e+05  7.867487e+14  6.602195e+34
1.260000e+05  7.866266e+14  6.599123e+34
1.270000e+05  7.865036e+14  6.596028e+34
1.280000e+05  7.863796e+14  6.592908e+34
1.290000e+05  7.862546e+14  6.589765e+34
1.300000e+05  7.861287e+14  6.586598e+34
1.310000e+05  7.860017e+14  6.583408e+34
1.320000e+05  7.858738e+14  6.580193e+34
1.330000e+05  7.857448e+14  6.576955e+34
1.340000e+05  7.856149e+14  6.573694e+34
1.350000e+05  7.854840e+14  6.570409e+34
1.360000e+05  7.853522e+14  6.567100e+34
1.370000e+05  7.852193e+14  6.563768e+34
1.380000e+05  7.850855e+14  6.560412e+34
1.390000e+05  7.849506e+14  6.557032e+34
1.400000e+05  7.848148e+14  6.553629e+34
1.410000e+05  7.846780e+14  6.550203e+34
1.420000e+05  7.845402e+14  6.546753e+34
1.430000e+05  7.844015e+14  6.543280e+34
1.440000e+05  7.842617e+14  6.539783e+34
1.450000e+05  7.841210e+14  6.536263e+34
1.460000e+05  7.839792e+14  6.532719e+34
1.470000e+05  7.838365e+14  6.529152e+34
1.480000e+05  7.836928e+14  6.525561e+34
1.490000e+05  7.835481e+14  6.521948e+34
1.500000e+05  7.834024e+14  6.518311e+34
1.510000e+05  7.832558e+14  6.514650e+34
1.520000e+05  7.831081e+14  6.510966e+34
1.530000e+05  7.829595e+14  6.507260e+34
1.540000e+05  7.828098e+14  6.503529e+34
1.550000e+05  7.826592e+14  6.499776e+34
1.560000e+05  7.825076e+14  6.495999e+34
1.570000e+05  7.823550e+14  6.492199e+34
1.580000e+05  7.822014e+14  6.488376e+34
1.590000e+05  7.820468e+14  6.484530e+34
1.600000e+05  7.818912e+14  6.480661e+34
1.610000e+05  7.817347e+14  6.476769e+34
1.620000e+05  7.815771e+14  6.472853e+34
1.630000e+05  7.814186e+14  6.468915e+34
1.640000e+05  7.812590e+14  6.464953e+34
1.650000e+05  7.810985e+14  6.460969e+34
1.660000e+05  7.809369e+14  6.456961e+34
1.670000e+05  7.807744e+14  6.452931e+34
1.680000e+05  7.806109e+14  6.448878e+34
1.690000e+05  7.804464e+14  6.444801e+34
1.700000e+05  7.802809e+14  6.440702e+34
1.710000e+05  7.801144e+14  6.436580e+34
1.720000e+05  7.799469e+14  6.432435e+34
1.730000e+05  7.797784e+14  6.428267e+34
1.740000e+05  7.796089e+14  6.424077e+34
1.750000e+05  7.794385e+14  6.419863e+34
1.760000e+05  7.792670e+14  6.415627e+34
1.770000e+05  7.790945e+14  6.411368e+34
1.780000e+05  7.789211e+14  6.407087e+34
1.790000e+05  7.787466e+14  6.402783e+34
1.800000e+05  7.785711e+14  6.398456e+34
1.810000e+05  7.783947e+14  6.394106e+34
1.820000e+05  7.782172e+14  6.389734e+34
1.830000e+05  7.780388e+14  6.385339e+34
1.840000e+05  7.778593e+14  6.380922e+34
1.850000e+05  7.776789e+14  6.376482e+34
1.860000e+05  7.774974e+14  6.372020e+34
1.870000e+05  7.773150e+14  6.367535e+34
1.880000e+05  7.771315e+14  6.363028e+34
1.890000e+05  7.769471e+14  6.358498e+34
1.900000e+05  7.767616e+14  6.353946e+34
1.910000e+05  7.765752e+14  6.349372e+34
1.920000e+05  7.763877e+14  6.344775e+34
1.930000e+05  7.761992e+14  6.340156e+34
1.940000e+05  7.760098e+14  6.335514e+34
1.950000e+05  7.758193e+14  6.330850e+34
1.960000e+05  7.756279e+14  6.326164e+34
1.970000e+05  7.754354e+14  6.321456e+34
1.980000e+05  7.752419e+14  6.316726e+34
1.990000e+05  7.750474e+14  6.311973e+34
2.000000e+05  7.748520e+14  6.307198e+34
2.010000e+05  7.746555e+14  6.302401e+34
2.020000e+05  7.744580e+14  6.297582e+34
2.030000e+05  7.742595e+14  6.292741e+34
2.040000e+05  7.740600e+14  6.287878e+34
2.050000e+05  7.738595e+14  6.282993e+34
2.060000e+05  7.736580e+14  6.278086e+34
2.070000e+05  7.734554e+14  6.273157e+34
2.080000e+05  7.732519e+14  6.268206e+34
2.090000e+05  7.730474e+14  6.263233e+34
2.100000e+05  7.728418e+14  6.258238e+34
2.110000e+05  7.726353e+14  6.253222e+34
2.120000e+05  7.724277e+14  6.248183e+34
2.130000e+05  7.722191e+14  6.243123e+34
2.140000e+05  7.720095e+14  6.238041e+34
2.150000e+05  7.717989e+14  6.232938e+34
2.160000e+05  7.715873e+14  6.227812e+34
2.170000e+05  7.713747e+14  6.222665e+34
2.180000e+05  7.711611e+14  6.217497e+34
2.190000e+05  7.709464e+14  6.212306e+34
2.200000e+05  7.707308e+14  6.207095e+34
2.210000e+05  7.705141e+14  6.201861e+34
2.220000e+05  7.702964e+14  6.196606e+34
2.230000e+05  7.700777e+14  6.191330e+34
2.240000e+05  7.698580e+14  6.186032e+34
2.250000e+05  7.696373e+14  6.180713e+34
2.260000e+05  7.694155e+14  6.175372e+34
2.270000e+05  7.691928e+14  6.170010e+34
2.280000e+05  7.689690e+14  6.164627e+34
2.290000e+05  7.687442e+14  6.159222e+34
2.300000e+05  7.685184e+14  6.153796e+34
2.310000e+05  7.682916e+14  6.148349e+34
2.320000e+05  7.680637e+14  6.142880e+34
2.330000e+05  7.678349e+14  6.137391e+34
2.340000e+05  7.676050e+14  6.131880e+34
2.350000e+05  7.673741e+14  6.126348e+34
2.360000e+05  7.671422e+14  6.120795e+34
2.370000e+05  7.669092e+14  6.115221e+34
2.380000e+05  7.666753e+14  6.109626e+34
2.390000e+05  7.664403e+14  6.104010e+34
2.400000e+05  7.662043e+14  6.098373e+34
2.410000e+05  7.659672e+14  6.092715e+34
2.420000e+05  7.657292e+14  6.087036e+34
2.430000e+05  7.654901e+14  6.081336e+34
2.440000e+05  7.652500e+14  6.075616e+34
2.450000e+05  7.650089e+14  6.069875e+34
2.460000e+05  7.647667e+14  6.064113e+34
2.470000e+05  7.645236e+14  6.058330e+34
2.480000e+05  7.642794e+14  6.052526e+34
2.490000e+05  7.640341e+14  6.046702e+34
2.500000e+05  7.637879e+14  6.040857e+34
2.510000e+05  7.635406e+14  6.034992e+34
2.520000e+05  7.632923e+14  6.029106e+34
2.530000e+05  7.630430e+14  6.023200e+34
2.540000e+05  7.627926e+14  6.017273e+34
2.550000e+05  7.625412e+14  6.011325e+34
2.560000e+05  7.622888e+14  6.005357e+34
2.570000e+05  7.620353e+14  5.999369e+34
2.580000e+05  7.617808e+14  5.993361e+34
2.590000e+05  7.615253e+14  5.987332e+34
2.600000e+05  7.612688e+14  5.981283e+34
2.610000e+05  7.610112e+14  5.975213e+34
2.620000e+05  7.607526e+14  5.969124e+34
2.630000e+05  7.604929e+14  5.963014e+34
2.640000e+05  7.602322e+14  5.956884e+34
2.650000e+05  7.599705e+14  5.950734e+34
2.660000e+05  7.597078e+14  5.944564e+34
2.670000e+05  7.594440e+14  5.938373e+34
2.680000e+05  7.591791e+14  5.932163e+34
2.690000e+05  7.589133e+14  5.925933e+34
2.700000e+05  7.586464e+14  5.919683e+34
2.710000e+05  7.583784e+14  5.913413e+34
2.720000e+05  7.581095e+14  5.907123e+34
2.730000e+05  7.578395e+14  5.900814e+34
2.740000e+05  7.575684e+14  5.894484e+34
2.750000e+05  7.572963e+14  5.888135e+34
2.760000e+05  7.570232e+14  5.881767e+34
2.770000e+05  7.567490e+14  5.875378e+34
2.780000e+05  7.564738e+14  5.868970e+34
2.790000e+05  7.561975e+14  5.862542e+34
2.800000e+05  7.559202e+14  5.856095e+34
2.810000e+05  7.556418e+14  5.849628e+34
2.820000e+05  7.553624e+14  5.843142e+34
2.830000e+05  7.550820e+14  5.836636e+34
2.840000e+05  7.548005e+14  5.830111e+34
2.850000e+05  7.545180e+14  5.823567e+34
2.860000e+05  7.542344e+14  5.817003e+34
2.870000e+05  7.539498e+14  5.810420e+34
2.880000e+05  7.536641e+14  5.803818e+34
2.890000e+05  7.533774e+14  5.797196e+34
2.900000e+05  7.530896e+14  5.790556e+34
2.910000e+05  7.528008e+14  5.783896e+34
2.920000e+05  7.525109e+14  5.777217e+34
2.930000e+05  7.522200e+14  5.770519e+34
2.940000e+05  7.519280e+14  5.763802e+34
2.950000e+05  7.516350e+14  5.757066e+34
2.960000e+05  7.513409e+14  5.750311e+34
2.970000e+05  7.510457e+14  5.743537e+34
2.980000e+05  7.507496e+14  5.736745e+34
2.990000e+05  7.504523e+14  5.729933e+34
3.000000e+05  7.501540e+14  5.723103e+34
3.010000e+05  7.498546e+14  5.716254e+34
3.020000e+05  7.495542e+14  5.709387e+34
3.030000e+05  7.492528e+14  5.702501e+34
3.040000e+05  7.489502e+14  5.695596e+34
3.050000e+05  7.486466e+14  5.688672e+34
3.060000e+05  7.483420e+14  5.681730e+34
3.070000e+05  7.480363e+14  5.674770e+34
3.080000e+05  7.477295e+14  5.667791e+34
3.090000e+05  7.474217e+14  5.660794e+34
3.100000e+05  7.471128e+14  5.653778e+34
3.110000e+05  7.468028e+14  5.646744e+34
3.120000e+05  7.464918e+14  5.639692e+34
3.130000e+05  7.461797e+14  5.632622e+34
3.140000e+05  7.458666e+14  5.625533e+34
3.150000e+05  7.455523e+14  5.618426e+34
3.160000e+05  7.452371e+14  5.611301e+34
3.170000e+05  7.449207e+14  5.604159e+34
3.180000e+05  7.446033e+14  5.596998e+34
3.190000e+05  7.442848e+14  5.589819e+34
3.200000e+05  7.439652e+14  5.582622e+34
3.210000e+05  7.436446e+14  5.575407e+34
3.220000e+05  7.433229e+14  5.568175e+34
3.230000e+05  7.430001e+14  5.560924e+34
3.240000e+05  7.426763e+14  5.553656e+34
3.250000e+05  7.423514e+14  5.546370e+34
3.260000e+05  7.420254e+14  5.539067e+34
3.270000e+05  7.416983e+14  5.531745e+34
3.280000e+05  7.413702e+14  5.524407e+34
3.290000e+05  7.410410e+14  5.517050e+34
3.300000e+05  7.407107e+14  5.509677e+34
3.310000e+05  7.403793e+14  5.502286e+34
3.320000e+05  7.400469e+14  5.494877e+34
3.330000e+05  7.397133e+14  5.487451e+34
3.340000e+05  7.393787e+14  5.480008e+34
3.350000e+05  7.390431e+14  5.472547e+34
3.360000e+05  7.387063e+14  5.465069e+34
3.370000e+05  7.383684e+14  5.457574e+34
3.380000e+05  7.380295e+14  5.450062e+34
3.390000e+05  7.376895e+14  5.442533e+34
3.400000e+05  7.373484e+14  5.434987e+34
3.410000e+05  7.370062e+14  5.427424e+34
3.420000e+05  7.366629e+14  5.419844e+34
3.430000e+05  7.363186e+14  5.412247e+34
3.440000e+05  7.359731e+14  5.404633e+34
3.450000e+05  7.356266e+14  5.397002e+34
3.460000e+05  7.352790e+14  5.389355e+34
3.470000e+05  7.349303e+14  5.381690e+34
3.480000e+05  7.345805e+14  5.374010e+34
3.490000e+05  7.342296e+14  5.366312e+34
3.500000e+05  7.338776e+14  5.358598e+34
3.510000e+05  7.335245e+14  5.350867e+34
3.520000e+05  7.331703e+14  5.343120e+34
3.530000e+05  7.328151e+14  5.335357e+34
3.540000e+05  7.324587e+14  5.327577e+34
3.550000e+05  7.321013e+14  5.319781e+34
3.560000e+05  7.317427e+14  5.311968e+34
3.570000e+05  7.313830e+14  5.304140e+34
3.580000e+05  7.310223e+14  5.296295e+34
3.590000e+05  7.306604e+14  5.288434e+34
3.600000e+05  7.302975e+14  5.280557e+34
3.610000e+05  7.299334e+14  5.272663e+34
3.620000e+05  7.295683e+14  5.264754e+34
3.630000e+05  7.292020e+14  5.256829e+34
3.640000e+05  7.288346e+14  5.248888e+34
3.650000e+05  7.284662e+14  5.240931e+34
3.660000e+05  7.280966e+14  5.232958e+34
3.670000e+05  7.277259e+14  5.224970e+34
3.680000e+05  7.273541e+14  5.216966e+34
3.690000e+05  7.269812e+14  5.208946e+34
3.700000e+05  7.266072e+14  5.200911e+34
3.710000e+05  7.262321e+14  5.192860e+34
3.720000e+05  7.258559e+14  5.184793e+34
3.730000e+05  7.254785e+14  5.176712e+34
3.740000e+05  7.251001e+14  5.168614e+34
3.750000e+05  7.247205e+14  5.160502e+34
3.760000e+05  7.243398e+14  5.152374e+34
3.770000e+05  7.239580e+14  5.144231e+34
3.780000e+05  7.235751e+14  5.136072e+34
3.790000e+05  7.231911e+14  5.127899e+34
3.800000e+05  7.228059e+14  5.119710e+34
3.810000e+05  7.224196e+14  5.111506e+34
3.820000e+05  7.220322e+14  5.103288e+34
3.830000e+05  7.216437e+14  5.095054e+34
3.840000e+05  7.212541e+14  5.086806e+34
3.850000e+05  7.208633e+14  5.078542e+34
3.860000e+05  7.204714e+14  5.070264e+34
3.870000e+05  7.200784e+14  5.061971e+34
3.880000e+05  7.196843e+14  5.053664e+34
3.890000e+05  7.192890e+14  5.045342e+34
3.900000e+05  7.188926e+14  5.037005e+34
3.910000e+05  7.184951e+14  5.028654e+34
3.920000e+05  7.180965e+14  5.020288e+34
3.930000e+05  7.176967e+14  5.011908e+34
3.940000e+05  7.172958e+14  5.003514e+34
3.950000e+05  7.168937e+14  4.995105e+34
3.960000e+05  7.164905e+14  4.986682e+34
3.970000e+05  7.160862e+14  4.978245e+34
3.980000e+05  7.156808e+14  4.969793e+34
3.990000e+05  7.152742e+14  4.961328e+34
4.000000e+05  7.148665e+14  4.952848e+34
4.010000e+05  7.144576e+14  4.944355e+34
4.020000e+05  7.140476e+14  4.935847e+34
4.030000e+05  7.136364e+14  4.927326e+34
4.040000e+05  7.132241e+14  4.918791e+34
4.050000e+05  7.128107e+14  4.910242e+34
4.060000e+05  7.123961e+14  4.901680e+34
4.070000e+05  7.119804e+14  4.893103e+34
4.080000e+05  7.115635e+14  4.884513e+34
4.090000e+05  7.111455e+14  4.875910e+34
4.100000e+05  7.107263e+14  4.867293e+34
4.110000e+05  7.103060e+14  4.858663e+34
4.120000e+05  7.098845e+14  4.850019e+34
4.130000e+05  7.094619e+14  4.841362e+34
4.140000e+05  7.090381e+14  4.832692e+34
4.150000e+05  7.086132e+14  4.824008e+34
4.160000e+05  7.081871e+14  4.815311e+34
4.170000e+05  7.077599e+14  4.806602e+34
4.180000e+05  7.073315e+14  4.797879e+34
4.190000e+05  7.069019e+14  4.789143e+34
4.200000e+05  7.064712e+14  4.780394e+34
4.210000e+05  7.060393e+14  4.771632e+34
4.220000e+05  7.056063e+14  4.762858e+34
4.230000e+05  7.051721e+14  4.754071e+34
4.240000e+05  7.047367e+14  4.745271e+34
4.250000e+05  7.043002e+14  4.736458e+34
4.260000e+05  7.038625e+14  4.727633e+34
4.270000e+05  7.034236e+14  4.718795e+34
4.280000e+05  7.029836e+14  4.709945e+34
4.290000e+05  7.025424e+14  4.701083e+34
4.300000e+05  7.021000e+14  4.692208e+34
4.310000e+05  7.016565e+14  4.683320e+34
4.320000e+05  7.012117e+14  4.674421e+34
4.330000e+05  7.007658e+14  4.665509e+34
4.340000e+05  7.003188e+14  4.656585e+34
4.350000e+05  6.998705e+14  4.647650e+34
4.360000e+05  6.994211e+14  4.638702e+34
4.370000e+05  6.989705e+14  4.629742e+34
4.380000e+05  6.985187e+14  4.620770e+34
4.390000e+05  6.980657e+14  4.611787e+34
4.400000e+05  6.976116e+14  4.602791e+34
4.410000e+05  6.971562e+14  4.593784e+34
4.420000e+05  6.966997e+14  4.584766e+34
4.430000e+05  6.962420e+14  4.575735e+34
4.440000e+05  6.957831e+14  4.566693e+34
4.450000e+05  6.953230e+14  4.557640e+34
4.460000e+05  6.948617e+14  4.548575e+34
4.470000e+05  6.943992e+14  4.539499e+34
4.480000e+05  6.939356e+14  4.530412e+34
4.490000e+05  6.934707e+14  4.521313e+34
4.500000e+05  6.930046e+14  4.512204e+34
4.510000e+05  6.925374e+14  4.503083e+34
4.520000e+05  6.920689e+14  4.493951e+34
4.530000e+05  6.915993e+14  4.484808e+34
4.540000e+05  6.911284e+14  4.475654e+34
4.550000e+05  6.906564e+14  4.466490e+34
4.560000e+05  6.901831e+14  4.457314e+34
4.570000e+05  6.897086e+14  4.448128e+34
4.580000e+05  6.892330e+14  4.438931e+34
4.590000e+05  6.887561e+14  4.429723e+34
4.600000e+05  6.882780e+14  4.420505e+34
4.610000e+05  6.877987e+14  4.411277e+34
4.620000e+05  6.873182e+14  4.402038e+34
4.630000e+05  6.868364e+14  4.392788e+34
4.640000e+05  6.863535e+14  4.383529e+34
4.650000e+05  6.858693e+14  4.374259e+34
4.660000e+05  6.853840e+14  4.364978e+34
4.670000e+05  6.848974e+14  4.355688e+34
4.680000e+05  6.844096e+14  4.346388e+34
4.690000e+05  6.839205e+14  4.337078e+34
4.700000e+05  6.834303e+14  4.327757e+34
4.710000e+05  6.829388e+14  4.318427e+34
4.720000e+05  6.824461e+14  4.309087e+34
4.730000e+05  6.819521e+14  4.299738e+34
4.740000e+05  6.814570e+14  4.290378e+34
4.750000e+05  6.809606e+14  4.281009e+34
4.760000e+05  6.804629e+14  4.271631e+34
4.770000e+05  6.799641e+14  4.262243e+34
4.780000e+05  6.794640e+14  4.252846e+34
4.790000e+05  6.789627e+14  4.243439e+34
4.800000e+05  6.784601e+14  4.234023e+34
4.810000e+05  6.779563e+14  4.224598e+34
4.820000e+05  6.774512e+14  4.215163e+34
4.830000e+05  6.769449e+14  4.205720e+34
4.840000e+05  6.764374e+14  4.196267e+34
4.850000e+05  6.759286e+14  4.186806e+34
4.860000e+05  6.754186e+14  4.177335e+34
4.870000e+05  6.749073e+14  4.167856e+34
4.880000e+05  6.743948e+14  4.158368e+34
4.890000e+05  6.738810e+14  4.148871e+34
4.900000e+05  6.733660e+14  4.139366e+34
4.910000e+05  6.728497e+14  4.129852e+34
4.920000e+05  6.723322e+14  4.120330e+34
4.930000e+05  6.718134e+14  4.110799e+34
4.940000e+05  6.712933e+14  4.101259e+34
4.950000e+05  6.707720e+14  4.091712e+34
4.960000e+05  6.702494e+14  4.082156e+34
4.970000e+05  6.697256e+14  4.072592e+34
4.980000e+05  6.692005e+14  4.063020e+34
4.990000e+05  6.686741e+14  4.053440e+34
5.000000e+05  6.681464e+14  4.043852e+34
5.010000e+05  6.676175e+14  4.034256e+34
5.020000e+05  6.670873e+14  4.024652e+34
5.030000e+05  6.665559e+14  4.015041e+34
5.040000e+05  6.660231e+14  4.005421e+34
5.050000e+05  6.654891e+14  3.995794e+34
5.060000e+05  6.649538e+14  3.986160e+34
5.070000e+05  6.644172e+14  3.976518e+34
5.080000e+05  6.638794e+14  3.966869e+34
5.090000e+05  6.633402e+14  3.957212e+34
5.100000e+05  6.627998e+14  3.947548e+34
5.110000e+05  6.622581e+14  3.937877e+34
5.120000e+05  6.617151e+14  3.928198e+34
5.130000e+05  6.611708e+14  3.918513e+34
5.140000e+05  6.606252e+14  3.908820e+34
5.150000e+05  6.600783e+14  3.899121e+34
5.160000e+05  6.595301e+14  3.889415e+34
5.170000e+05  6.589807e+14  3.879701e+34
5.180000e+05  6.584299e+14  3.869982e+34
5.190000e+05  6.578778e+14  3.860255e+34
5.200000e+05  6.573244e+14  3.850522e+34
5.210000e+05  6.567697e+14  3.840782e+34
5.220000e+05  6.562137e+14  3.831036e+34
5.230000e+05  6.556564e+14  3.821284e+34
5.240000e+05  6.550978e+14  3.811525e+34
5.250000e+05  6.545379e+14  3.801760e+34
5.260000e+05  6.539767e+14  3.791989e+34
5.270000e+05  6.534141e+14  3.782211e+34
5.280000e+05  6.528502e+14  3.772428e+34
5.290000e+05  6.522850e+14  3.762639e+34
5.300000e+05  6.517185e+14  3.752843e+34
5.310000e+05  6.511507e+14  3.743042e+34
5.320000e+05  6.505815e+14  3.733236e+34
5.330000e+05  6.500110e+14  3.723423e+34
5.340000e+05  6.494392e+14  3.713605e+34
5.350000e+05  6.488660e+14  3.703781e+34
5.360000e+05  6.482915e+14  3.693952e+34
5.370000e+05  6.477157e+14  3.684118e+34
5.380000e+05  6.471385e+14  3.674278e+34
5.390000e+05  6.465600e+14  3.664433e+34
5.400000e+05  6.459802e+14  3.654583e+34
5.410000e+05  6.453990e+14  3.644728e+34
5.420000e+05  6.448164e+14  3.634867e+34
5.430000e+05  6.442326e+14  3.625002e+34
5.440000e+05  6.436473e+14  3.615132e+34
5.450000e+05  6.430607e+14  3.605257e+34
5.460000e+05  6.424728e+14  3.595377e+34
5.470000e+05  6.418835e+14  3.585493e+34
5.480000e+05  6.412928e+14  3.575604e+34
5.490000e+05  6.407008e+14  3.565711e+34
5.500000e+05  6.401074e+14  3.555813e+34
5.510000e+05  6.395127e+14  3.545911e+34
5.520000e+05  6.389166e+14  3.536004e+34
5.530000e+05  6.383191e+14  3.526093e+34
5.540000e+05  6.377203e+14  3.516179e+34
5.550000e+05  6.371200e+14  3.506260e+34
5.560000e+05  6.365184e+14  3.496337e+34
5.570000e+05  6.359155e+14  3.486410e+34
5.580000e+05  6.353111e+14  3.476479e+34
5.590000e+05  6.347054e+14  3.466545e+34
5.600000e+05  6.340982e+14  3.456606e+34
5.610000e+05  6.334897e+14  3.446665e+34
5.620000e+05  6.328798e+14  3.436719e+34
5.630000e+05  6.322685e+14  3.426770e+34
5.640000e+05  6.316559e+14  3.416818e+34
5.650000e+05  6.310418e+14  3.406863e+34
5.660000e+05  6.304263e+14  3.396904e+34
5.670000e+05  6.298094e+14  3.386942e+34
5.680000e+05  6.291912e+14  3.376977e+34
5.690000e+05  6.285715e+14  3.367009e+34
5.700000e+05  6.279504e+14  3.357038e+34
5.710000e+05  6.273279e+14  3.347064e+34
5.720000e+05  6.267040e+14  3.337088e+34
5.730000e+05  6.260786e+14  3.327108e+34
5.740000e+05  6.254519e+14  3.317126e+34
5.750000e+05  6.248237e+14  3.307142e+34
5.760000e+05  6.241941e+14  3.297155e+34
5.770000e+05  6.235631e+14  3.287166e+34
5.780000e+05  6.229307e+14  3.277174e+34
5.790000e+05  6.222968e+14  3.267180e+34
5.800000e+05  6.216615e+14  3.257184e+34
5.810000e+05  6.210248e+14  3.247186e+34
5.820000e+05  6.203866e+14  3.237186e+34
5.830000e+05  6.197470e+14  3.227183e+34
5.840000e+05  6.191060e+14  3.217179e+34
5.850000e+05  6.184635e+14  3.207174e+34
5.860000e+05  6.178196e+14  3.197166e+34
5.870000e+05  6.171742e+14  3.187157e+34
5.880000e+05  6.165273e+14  3.177147e+34
5.890000e+05  6.158790e+14  3.167135e+34
5.900000e+05  6.152293e+14  3.157121e+34
5.910000e+05  6.145781e+14  3.147106e+34
5.920000e+05  6.139254e+14  3.137090e+34
5.930000e+05  6.132712e+14  3.127073e+34
5.940000e+05  6.126156e+14  3.117055e+34
5.950000e+05  6.119585e+14  3.107036e+34
5.960000e+05  6.113000e+14  3.097016e+34
5.970000e+05  6.106400e+14  3.086995e+34
5.980000e+05  6.099784e+14  3.076973e+34
5.990000e+05  6.093154e+14  3.066951e+34
6.000000e+05  6.086510e+14  3.056928e+34
6.010000e+05  6.079850e+14  3.046905e+34
6.020000e+05  6.073175e+14  3.036881e+34
6.030000e+05  6.066486e+14  3.026857e+34
6.040000e+05  6.059782e+14  3.016832e+34
6.050000e+05  6.053062e+14  3.006808e+34
6.060000e+05  6.046328e+14  2.996783e+34
6.070000e+05  6.039578e+14  2.986758e+34
6.080000e+05  6.032813e+14  2.976734e+34
6.090000e+05  6.026034e+14  2.966709e+34
6.100000e+05  6.019239e+14  2.956685e+34
6.110000e+05  6.012429e+14  2.946661e+34
6.120000e+05  6.005604e+14  2.936637e+34
6.130000e+05  5.998763e+14  2.926614e+34
6.140000e+05  5.991908e+14  2.916591e+34
6.150000e+05  5.985037e+14  2.906570e+34
6.160000e+05  5.978150e+14  2.896548e+34
6.170000e+05  5.971249e+14  2.886528e+34
6.180000e+05  5.964332e+14  2.876508e+34
6.190000e+05  5.957399e+14  2.866490e+34
6.200000e+05  5.950451e+14  2.856472e+34
6.210000e+05  5.943488e+14  2.846456e+34
6.220000e+05  5.936509e+14  2.836440e+34
6.230000e+05  5.929514e+14  2.826426e+34
6.240000e+05  5.922504e+14  2.816414e+34
6.250000e+05  5.915479e+14  2.806403e+34
6.260000e+05  5.908438e+14  2.796393e+34
6.270000e+05  5.901381e+14  2.786385e+34
6.280000e+05  5.894308e+14  2.776379e+34
6.290000e+05  5.887220e+14  2.766375e+34
6.300000e+05  5.880115e+14  2.756372e+34
6.310000e+05  5.872995e+14  2.746371e+34
6.320000e+05  5.865860e+14  2.736373e+34
6.330000e+05  5.858708e+14  2.726377e+34
6.340000e+05  5.851540e+14  2.716382e+34
6.350000e+05  5.844357e+14  2.706390e+34
6.360000e+05  5.837157e+14  2.696401e+34
6.370000e+05  5.829942e+14  2.686414e+34
6.380000e+05  5.822710e+14  2.676429e+34
6.390000e+05  5.815462e+14  2.666448e+34
6.400000e+05  5.808199e+14  2.656468e+34
6.410000e+05  5.800919e+14  2.646492e+34
6.420000e+05  5.793622e+14  2.636519e+34
6.430000e+05  5.786310e+14  2.626548e+34
6.440000e+05  5.778981e+14  2.616581e+34
6.450000e+05  5.771636e+14  2.606617e+34
6.460000e+05  5.764275e+14  2.596656e+34
6.470000e+05  5.756897e+14  2.586698e+34
6.480000e+05  5.749503e+14  2.576744e+34
6.490000e+05  5.742093e+14  2.566793e+34
6.500000e+05  5.734665e+14  2.556846e+34
6.510000e+05  5.727222e+14  2.546902e+34
6.520000e+05  5.719762e+14  2.536963e+34
6.530000e+05  5.712285e+14  2.527027e+34
6.540000e+05  5.704791e+14  2.517095e+34
6.550000e+05  5.697281e+14  2.507167e+34
6.560000e+05  5.689754e+14  2.497243e+34
6.570000e+05  5.682210e+14  2.487323e+34
6.580000e+05  5.674650e+14  2.477408e+34
6.590000e+05  5.667072e+14  2.467497e+34
6.600000e+05  5.659478e+14  2.457590e+34
6.610000e+05  5.651867e+14  2.447688e+34
6.620000e+05  5.644239e+14  2.437791e+34
6.630000e+05  5.636594e+14  2.427898e+34
6.640000e+05  5.628931e+14  2.418010e+34
6.650000e+05  5.621252e+14  2.408127e+34
6.660000e+05  5.613555e+14  2.398249e+34
6.670000e+05  5.605842e+14  2.388376e+34
6.680000e+05  5.598111e+14  2.378508e+34
6.690000e+05  5.590362e+14  2.368646e+34
6.700000e+05  5.582597e+14  2.358789e+34
6.710000e+05  5.574814e+14  2.348937e+34
6.720000e+05  5.567013e+14  2.339091e+34
6.730000e+05  5.559195e+14  2.329250e+34
6.740000e+05  5.551360e+14  2.319415e+34
6.750000e+05  5.543507e+14  2.309586e+34
6.760000e+05  5.535637e+14  2.299762e+34
6.770000e+05  5.527748e+14  2.289945e+34
6.780000e+05  5.519842e+14  2.280134e+34
6.790000e+05  5.511919e+14  2.270329e+34
6.800000e+05  5.503977e+14  2.260530e+34
6.810000e+05  5.496018e+14  2.250737e+34
6.820000e+05  5.488041e+14  2.240951e+34
6.830000e+05  5.480046e+14  2.231171e+34
6.840000e+05  5.472033e+14  2.221398e+34
6.850000e+05  5.464002e+14  2.211632e+34
6.860000e+05  5.455953e+14  2.201872e+34
6.870000e+05  5.447885e+14  2.192119e+34
6.880000e+05  5.439800e+14  2.182373e+34
6.890000e+05  5.431696e+14  2.172635e+34
6.900000e+05  5.423574e+14  2.162903e+34
6.910000e+05  5.415434e+14  2.153179e+34
6.920000e+05  5.407275e+14  2.143461e+34
6.930000e+05  5.399098e+14  2.133752e+34
6.940000e+05  5.390902e+14  2.124050e+34
6.950000e+05  5.382688e+14  2.114355e+34
6.960000e+05  5.374455e+14  2.104668e+34
6.970000e+05  5.366204e+14  2.094989e+34
6.980000e+05  5.357933e+14  2.085318e+34
6.990000e+05  5.349644e+14  2.075654e+34
7.000000e+05  5.341337e+14  2.065999e+34
7.010000e+05  5.333010e+14  2.056352e+34
7.020000e+05  5.324664e+14  2.046713e+34
7.030000e+05  5.316300e+14  2.037083e+34
7.040000e+05  5.307916e+14  2.027461e+34
7.050000e+05  5.299513e+14  2.017847e+34
7.060000e+05  5.291091e+14  2.008242e+34
7.070000e+05  5.282650e+14  1.998646e+34
7.080000e+05  5.274190e+14  1.989058e+34
7.090000e+05  5.265710e+14  1.979480e+34
7.100000e+05  5.257211e+14  1.969910e+34
7.110000e+05  5.248692e+14  1.960350e+34
7.120000e+05  5.240154e+14  1.950798e+34
7.130000e+05  5.231596e+14  1.941256e+34
7.140000e+05  5.223019e+14  1.931724e+34
7.150000e+05  5.214421e+14  1.922200e+34
7.160000e+05  5.205805e+14  1.912687e+34
7.170000e+05  5.197168e+14  1.903183e+34
7.180000e+05  5.188511e+14  1.893688e+34
7.190000e+05  5.179834e+14  1.884204e+34
7.200000e+05  5.171138e+14  1.874729e+34
7.210000e+05  5.162421e+14  1.865265e+34
7.220000e+05  5.153684e+14  1.855811e+34
7.230000e+05  5.144927e+14  1.846366e+34
7.240000e+05  5.136149e+14  1.836933e+34
7.250000e+05  5.127351e+14  1.827509e+34
7.260000e+05  5.118533e+14  1.818096e+34
7.270000e+05  5.109694e+14  1.808694e+34
7.280000e+05  5.100835e+14  1.799302e+34
7.290000e+05  5.091955e+14  1.789921e+34
7.300000e+05  5.083054e+14  1.780551e+34
7.310000e+05  5.074133e+14  1.771192e+34
7.320000e+05  5.065190e+14  1.761844e+34
7.330000e+05  5.056227e+14  1.752508e+34
7.340000e+05  5.047242e+14  1.743182e+34
7.350000e+05  5.038237e+14  1.733868e+34
7.360000e+05  5.029210e+14  1.724565e+34
7.370000e+05  5.020162e+14  1.715274e+34
7.380000e+05  5.011093e+14  1.705995e+34
7.390000e+05  5.002002e+14  1.696727e+34
7.400000e+05  4.987217e+14  1.687475e+34
7.410000e+05  4.970837e+14  1.678248e+34
7.420000e+05  4.954465e+14  1.669046e+34
7.430000e+05  4.938102e+14  1.659869e+34
7.440000e+05  4.921748e+14  1.650717e+34
7.450000e+05  4.905403e+14  1.641591e+34
7.460000e+05  4.889068e+14  1.632490e+34
7.470000e+05  4.872742e+14  1.623414e+34
7.480000e+05  4.856426e+14  1.614364e+34
7.490000e+05  4.840120e+14  1.605341e+34
7.500000e+05  4.823824e+14  1.596342e+34
7.510000e+05  4.807538e+14  1.587370e+34
7.520000e+05  4.791263e+14  1.578424e+34
7.530000e+05  4.774999e+14  1.569504e+34
7.540000e+05  4.758745e+14  1.560610e+34
7.550000e+05  4.742503e+14  1.551742e+34
7.560000e+05  4.726272e+14  1.542901e+34
7.570000e+05  4.710052e+14  1.534086e+34
7.580000e+05  4.693844e+14  1.525298e+34
7.590000e+05  4.677648e+14  1.516536e+34
7.600000e+05  4.661464e+14  1.507801e+34
7.610000e+05  4.645292e+14  1.499093e+34
7.620000e+05  4.629133e+14  1.490412e+34
7.630000e+05  4.612986e+14  1.481758e+34
7.640000e+05  4.596852e+14  1.473130e+34
7.650000e+05  4.580731e+14  1.464530e+34
7.660000e+05  4.564623e+14  1.455957e+34
7.670000e+05  4.548528e+14  1.447411e+34
7.680000e+05  4.532447e+14  1.438892e+34
7.690000e+05  4.516380e+14  1.430401e+34
7.700000e+05  4.500326e+14  1.421937e+34
7.710000e+05  4.484287e+14  1.413500e+34
7.720000e+05  4.468262e+14  1.405092e+34
7.730000e+05  4.452251e+14  1.396710e+34
7.740000e+05  4.436255e+14  1.388357e+34
7.750000e+05  4.420273e+14  1.380031e+34
7.760000e+05  4.404307e+14  1.371733e+34
7.770000e+05  4.388356e+14  1.363463e+34
7.780000e+05  4.372419e+14  1.355221e+34
7.790000e+05  4.356499e+14  1.347006e+34
7.800000e+05  4.340594e+14  1.338820e+34
7.810000e+05  4.324704e+14  1.330662e+34
7.820000e+05  4.308831e+14  1.322532e+34
7.830000e+05  4.292974e+14  1.314430e+34
7.840000e+05  4.277133e+14  1.306356e+34
7.850000e+05  4.261309e+14  1.298311e+34
7.860000e+05  4.245501e+14  1.290294e+34
7.870000e+05  4.229710e+14  1.282305e+34
7.880000e+05  4.213936e+14  1.274345e+34
7.890000e+05  4.198179e+14  1.266413e+34
7.900000e+05  4.182440e+14  1.258509e+34
7.910000e+05  4.166718e+14  1.250635e+34
7.920000e+05  4.151013e+14  1.242788e+34
7.930000e+05  4.135327e+14  1.234971e+34
7.940000e+05  4.119658e+14  1.227182e+34
7.950000e+05  4.104007e+14  1.219422e+34
7.960000e+05  4.088375e+14  1.211690e+34
7.970000e+05  4.072761e+14  1.203987e+34
7.980000e+05  4.057166e+14  1.196313e+34
7.990000e+05  4.041589e+14  1.188668e+34
8.000000e+05  4.026031e+14  1.181052e+34
8.010000e+05  4.010493e+14  1.173464e+34
8.020000e+05  3.994973e+14  1.165906e+34
8.030000e+05  3.979473e+14  1.158376e+34
8.040000e+05  3.963992e+14  1.150875e+34
8.050000e+05  3.948531e+14  1.143404e+34
8.060000e+05  3.933090e+14  1.135961e+34
8.070000e+05  3.917669e+14  1.128547e+34
8.080000e+05  3.902268e+14  1.121163e+34
8.090000e+05  3.886887e+14  1.113807e+34
8.100000e+05  3.871526e+14  1.106481e+34
8.110000e+05  3.856186e+14  1.099184e+34
8.120000e+05  3.840867e+14  1.091916e+34
8.130000e+05  3.825568e+14  1.084677e+34
8.140000e+05  3.810291e+14  1.077467e+34
8.150000e+05  3.795035e+14  1.070286e+34
8.160000e+05  3.779799e+14  1.063135e+34
8.170000e+05  3.764586e+14  1.056012e+34
8.180000e+05  3.749394e+14  1.048919e+34
8.190000e+05  3.734223e+14  1.041855e+34
8.200000e+05  3.719074e+14  1.034821e+34
8.210000e+05  3.703948e+14  1.027815e+34
8.220000e+05  3.688843e+14  1.020839e+34
8.230000e+05  3.673761e+14  1.013892e+34
8.240000e+05  3.658701e+14  1.006974e+34
8.250000e+05  3.643663e+14  1.000086e+34
8.260000e+05  3.628648e+14  9.932267e+33
8.270000e+05  3.613656e+14  9.863967e+33
8.280000e+05  3.598687e+14  9.795960e+33
8.290000e+05  3.583740e+14  9.728246e+33
8.300000e+05  3.568817e+14  9.660824e+33
8.310000e+05  3.553918e+14  9.593694e+33
8.320000e+05  3.539041e+14  9.526857e+33
8.330000e+05  3.524188e+14  9.460312e+33
8.340000e+05  3.509359e+14  9.394060e+33
8.350000e+05  3.494554e+14  9.328099e+33
8.360000e+05  3.479772e+14  9.262431e+33
8.370000e+05  3.465015e+14  9.197055e+33
8.380000e+05  3.450282e+14  9.131971e+33
8.390000e+05  3.435573e+14  9.067179e+33
8.400000e+05  3.420888e+14  9.002679e+33
8.410000e+05  3.406228e+14  8.938470e+33
8.420000e+05  3.391593e+14  8.874552e+33
8.430000e+05  3.376982e+14  8.810926e+33
8.440000e+05  3.362396e+14  8.747591e+33
8.450000e+05  3.347836e+14  8.684547e+33
8.460000e+05  3.333300e+14  8.621794e+33
8.470000e+05  3.318790e+14  8.559332e+33
8.480000e+05  3.304305e+14  8.497160e+33
8.490000e+05  3.289845e+14  8.435278e+33
8.500000e+05  3.275411e+14  8.373687e+33
8.510000e+05  3.261003e+14  8.312385e+33
8.520000e+05  3.246621e+14  8.251373e+33
8.530000e+05  3.232264e+14  8.190650e+33
8.540000e+05  3.217934e+14  8.130216e+33
8.550000e+05  3.203629e+14  8.070071e+33
8.560000e+05  3.189351e+14  8.010215e+33
8.570000e+05  3.175099e+14  7.950647e+33
8.580000e+05  3.160874e+14  7.891368e+33
8.590000e+05  3.146675e+14  7.832375e+33
8.600000e+05  3.132503e+14  7.773671e+33
8.610000e+05  3.118358e+14  7.715254e+33
8.620000e+05  3.104239e+14  7.657123e+33
8.630000e+05  3.090148e+14  7.599279e+33
8.640000e+05  3.076083e+14  7.541721e+33
8.650000e+05  3.062046e+14  7.484449e+33
8.660000e+05  3.048036e+14  7.427463e+33
8.670000e+05  3.034054e+14  7.370762e+33
8.680000e+05  3.020098e+14  7.314345e+33
8.690000e+05  3.006171e+14  7.258213e+33
8.700000e+05  2.992271e+14  7.202366e+33
8.710000e+05  2.978399e+14  7.146802e+33
8.720000e+05  2.964555e+14  7.091521e+33
8.730000e+05  2.950738e+14  7.036523e+33
8.740000e+05  2.936950e+14  6.981807e+33
8.750000e+05  2.923190e+14  6.927374e+33
8.760000e+05  2.909458e+14  6.873222e+33
8.770000e+05  2.895754e+14  6.819352e+33
8.780000e+05  2.882079e+14  6.765762e+33
8.790000e+05  2.868432e+14  6.712453e+33
8.800000e+05  2.854814e+14  6.659424e+33
8.810000e+05  2.841225e+14  6.606674e+33
8.820000e+05  2.827664e+14  6.554203e+33
8.830000e+05  2.814132e+14  6.502011e+33
8.840000e+05  2.800629e+14  6.450097e+33
8.850000e+05  2.787155e+14  6.398460e+33
8.860000e+05  2.773710e+14  6.347101e+33
8.870000e+05  2.760294e+14  6.296018e+33
8.880000e+05  2.746908e+14  6.245211e+33
8.890000e+05  2.733551e+14  6.194680e+33
8.900000e+05  2.720223e+14  6.144423e+33
8.910000e+05  2.706925e+14  6.094442e+33
8.920000e+05  2.693656e+14  6.044734e+33
8.930000e+05  2.680417e+14  5.995300e+33
8.940000e+05  2.667208e+14  5.946139e+33
8.950000e+05  2.654028e+14  5.897250e+33
8.960000e+05  2.640879e+14  5.848633e+33
8.970000e+05  2.627759e+14  5.800287e+33
8.980000e+05  2.614669e+14  5.752212e+33
8.990000e+05  2.601610e+14  5.704407e+33
9.000000e+05  2.588580e+14  5.656872e+33
9.010000e+05  2.575581e+14  5.609606e+33
9.020000e+05  2.562612e+14  5.562608e+33
9.030000e+05  2.549674e+14  5.515878e+33
9.040000e+05  2.536766e+14  5.469415e+33
9.050000e+05  2.523888e+14  5.423218e+33
9.060000e+05  2.511041e+14  5.377288e+33
9.070000e+05  2.498225e+14  5.331623e+33
9.080000e+05  2.485439e+14  5.286223e+33
9.090000e+05  2.472684e+14  5.241087e+33
9.100000e+05  2.459960e+14  5.196214e+33
9.110000e+05  2.447267e+14  5.151605e+33
9.120000e+05  2.434605e+14  5.107257e+33
9.130000e+05  2.421974e+14  5.063171e+33
9.140000e+05  2.409374e+14  5.019346e+33
9.150000e+05  2.396805e+14  4.975782e+33
9.160000e+05  2.384267e+14  4.932477e+33
9.170000e+05  2.371760e+14  4.889431e+33
9.180000e+05  2.359285e+14  4.846643e+33
9.190000e+05  2.346841e+14  4.804112e+33
9.200000e+05  2.334429e+14  4.761839e+33
9.210000e+05  2.322048e+14  4.719822e+33
9.220000e+05  2.309699e+14  4.678060e+33
9.230000e+05  2.297381e+14  4.636553e+33
9.240000e+05  2.285095e+14  4.595301e+33
9.250000e+05  2.272840e+14  4.554301e+33
9.260000e+05  2.260617e+14  4.513555e+33
9.270000e+05  2.248427e+14  4.473061e+33
9.280000e+05  2.236267e+14  4.432817e+33
9.290000e+05  2.224140e+14  4.392825e+33
9.300000e+05  2.212045e+14  4.353082e+33
9.310000e+05  2.199982e+14  4.313589e+33
9.320000e+05  2.187950e+14  4.274344e+33
9.330000e+05  2.175951e+14  4.235346e+33
9.340000e+05  2.163984e+14  4.196596e+33
9.350000e+05  2.152049e+14  4.158092e+33
9.360000e+05  2.140147e+14  4.119833e+33
9.370000e+05  2.128276e+14  4.081819e+33
9.380000e+05  2.116438e+14  4.044048e+33
9.390000e+05  2.104633e+14  4.006521e+33
9.400000e+05  2.092859e+14  3.969237e+33
9.410000e+05  2.081118e+14  3.932194e+33
9.420000e+05  2.069410e+14  3.895392e+33
9.430000e+05  2.057734e+14  3.858830e+33
9.440000e+05  2.046091e+14  3.822508e+33
9.450000e+05  2.034480e+14  3.786424e+33
9.460000e+05  2.022901e+14  3.750578e+33
9.470000e+05  2.011356e+14  3.714969e+33
9.480000e+05  1.999843e+14  3.679596e+33
9.490000e+05  1.988363e+14  3.644459e+33
9.500000e+05  1.976915e+14  3.609556e+33
9.510000e+05  1.965501e+14  3.574887e+33
9.520000e+05  1.954119e+14  3.540451e+33
9.530000e+05  1.942770e+14  3.506248e+33
9.540000e+05  1.931454e+14  3.472276e+33
9.550000e+05  1.920171e+14  3.438535e+33
9.560000e+05  1.908921e+14  3.405023e+33
9.570000e+05  1.897703e+14  3.371741e+33
9.580000e+05  1.886519e+14  3.338686e+33
9.590000e+05  1.875368e+14  3.305860e+33
9.600000e+05  1.864250e+14  3.273259e+33
9.610000e+05  1.853165e+14  3.240885e+33
9.620000e+05  1.842113e+14  3.208736e+33
9.630000e+05  1.831094e+14  3.176810e+33
9.640000e+05  1.820108e+14  3.145108e+33
9.650000e+05  1.809156e+14  3.113629e+33
9.660000e+05  1.798236e+14  3.082371e+33
9.670000e+05  1.787350e+14  3.051334e+33
9.680000e+05  1.776498e+14  3.020517e+33
9.690000e+05  1.765678e+14  2.989919e+33
9.700000e+05  1.754892e+14  2.959540e+33
9.710000e+05  1.744139e+14  2.929378e+33
9.720000e+05  1.733419e+14  2.899433e+33
9.730000e+05  1.722733e+14  2.869703e+33
9.740000e+05  1.712080e+14  2.840188e+33
9.750000e+05  1.701461e+14  2.810888e+33
9.760000e+05  1.690875e+14  2.781801e+33
9.770000e+05  1.680322e+14  2.752926e+33
9.780000e+05  1.669803e+14  2.724262e+33
9.790000e+05  1.659317e+14  2.695810e+33
9.800000e+05  1.648865e+14  2.667567e+33
9.810000e+05  1.638446e+14  2.639533e+33
9.820000e+05  1.628061e+14  2.611708e+33
9.830000e+05  1.617709e+14  2.584090e+33
9.840000e+05  1.607391e+14  2.556678e+33
9.850000e+05  1.597106e+14  2.529471e+33
9.860000e+05  1.586855e+14  2.502470e+33
9.870000e+05  1.576637e+14  2.475672e+33
9.880000e+05  1.566453e+14  2.449078e+33
9.890000e+05  1.556302e+14  2.422685e+33
9.900000e+05  1.546186e+14  2.396494e+33
9.910000e+05  1.536102e+14  2.370503e+33
9.920000e+05  1.526052e+14  2.344711e+33
9.930000e+05  1.516036e+14  2.319119e+33
9.940000e+05  1.506054e+14  2.293724e+33
9.950000e+05  1.496105e+14  2.268526e+33
9.960000e+05  1.486190e+14  2.243524e+33
9.970000e+05  1.476308e+14  2.218717e+33
9.980000e+05  1.466460e+14  2.194105e+33
9.990000e+05  1.456646e+14  2.169686e+33
1.000000e+06  1.446865e+14  2.145460e+33
1.001000e+06  1.437118e+14  2.121425e+33
1.002000e+06  1.427405e+14  2.097581e+33
1.003000e+06  1.417725e+14  2.073927e+33
1.004000e+06  1.408079e+14  2.050463e+33
1.005000e+06  1.398466e+14  2.027186e+33
1.006000e+06  1.388887e+14  2.004097e+33
1.007000e+06  1.379342e+14  1.981194e+33
1.008000e+06  1.369831e+14  1.958477e+33
1.009000e+06  1.360353e+14  1.935945e+33
1.010000e+06  1.350909e+14  1.913597e+33
1.011000e+06  1.341498e+14  1.891431e+33
1.012000e+06  1.332121e+14  1.869448e+33
1.013000e+06  1.322778e+14  1.847646e+33
1.014000e+06  1.313469e+14  1.826024e+33
1.015000e+06  1.304193e+14  1.804582e+33
1.016000e+06  1.294950e+14  1.783318e+33
1.017000e+06  1.285742e+14  1.762232e+33
1.018000e+06  1.276567e+14  1.741324e+33
1.019000e+06  1.267425e+14  1.720591e+33
1.020000e+06  1.258317e+14  1.700033e+33
1.021000e+06  1.249243e+14  1.679649e+33
1.022000e+06  1.240203e+14  1.659439e+33
1.023000e+06  1.231196e+14  1.639402e+33
1.024000e+06  1.222222e+14  1.619536e+33
1.025000e+06  1.213282e+14  1.599841e+33
1.026000e+06  1.204376e+14  1.580315e+33
1.027000e+06  1.195503e+14  1.560959e+33
1.028000e+06  1.186664e+14  1.541771e+33
1.029000e+06  1.177859e+14  1.522751e+33
1.030000e+06  1.169086e+14  1.503897e+33
1.031000e+06  1.160348e+14  1.485208e+33
1.032000e+06  1.151643e+14  1.466684e+33
1.033000e+06  1.142971e+14  1.448324e+33
1.034000e+06  1.134333e+14  1.430127e+33
1.035000e+06  1.125728e+14  1.412092e+33
1.036000e+06  1.117157e+14  1.394219e+33
1.037000e+06  1.108620e+14  1.376505e+33
1.038000e+06  1.100115e+14  1.358952e+33
1.039000e+06  1.091645e+14  1.341557e+33
1.040000e+06  1.083207e+14  1.324319e+33
1.041000e+06  1.074803e+14  1.307239e+33
1.042000e+06  1.066432e+14  1.290315e+33
1.043000e+06  1.058095e+14  1.273546e+33
1.044000e+06  1.049791e+14  1.256932e+33
1.045000e+06  1.041520e+14  1.240471e+33
1.046000e+06  1.033283e+14  1.224163e+33
1.047000e+06  1.025079e+14  1.208007e+33
1.048000e+06  1.016908e+14  1.192001e+33
1.049000e+06  1.008771e+14  1.176146e+33
1.050000e+06  1.000667e+14  1.160440e+33
1.051000e+06  9.925958e+13  1.144883e+33
1.052000e+06  9.845580e+13  1.129473e+33
1.053000e+06  9.765534e+13  1.114210e+33
1.054000e+06  9.685821e+13  1.099093e+33
1.055000e+06  9.606438e+13  1.084121e+33
1.056000e+06  9.527387e+13  1.069293e+33
1.057000e+06  9.448668e+13  1.054608e+33
1.058000e+06  9.370279e+13  1.040067e+33
1.059000e+06  9.292221e+13  1.025667e+33
1.060000e+06  9.214494e+13  1.011407e+33
1.061000e+06  9.137097e+13  9.972882e+32
1.062000e+06  9.060030e+13  9.833083e+32
1.063000e+06  8.983293e+13  9.694668e+32
1.064000e+06  8.906887e+13  9.557629e+32
1.065000e+06  8.830809e+13  9.421957e+32
1.066000e+06  8.755061e+13  9.287645e+32
1.067000e+06  8.679642e+13  9.154683e+32
1.068000e+06  8.604552e+13  9.023065e+32
1.069000e+06  8.529791e+13  8.892781e+32
1.070000e+06  8.455358e+13  8.763824e+32
1.071000e+06  8.381253e+13  8.636185e+32
1.072000e+06  8.307477e+13  8.509856e+32
1.073000e+06  8.234028e+13  8.384829e+32
1.074000e+06  8.160907e+13  8.261095e+32
1.075000e+06  8.088113e+13  8.138648e+32
1.076000e+06  8.015646e+13  8.017479e+32
1.077000e+06  7.943506e+13  7.897579e+32
1.078000e+06  7.871692e+13  7.778941e+32
1.079000e+06  7.800205e+13  7.661556e+32
1.080000e+06  7.729044e+13  7.545417e+32
1.081000e+06  7.658209e+13  7.430515e+32
1.082000e+06  7.587699e+13  7.316844e+32
1.083000e+06  7.517515e+13  7.204394e+32
1.084000e+06  7.447656e+13  7.093157e+32
1.085000e+06  7.378121e+13  6.983127e+32
1.086000e+06  7.308912e+13  6.874295e+32
1.087000e+06  7.240026e+13  6.766652e+32
1.088000e+06  7.171465e+13  6.660192e+32
1.089000e+06  7.103228e+13  6.554907e+32
1.090000e+06  7.035314e+13  6.450788e+32
1.091000e+06  6.967723e+13  6.347828e+32
1.092000e+06  6.900456e+13  6.246019e+32
1.093000e+06  6.833512e+13  6.145353e+32
1.094000e+06  6.766890e+13  6.045823e+32
1.095000e+06  6.700590e+13  5.947421e+32
1.096000e+06  6.634612e+13  5.850139e+32
1.097000e+06  6.568956e+13  5.753970e+32
1.098000e+06  6.503622e+13  5.658905e+32
1.099000e+06  6.438609e+13  5.564938e+32
1.100000e+06  6.373916e+13  5.472061e+32
1.101000e+06  6.309545e+13  5.380265e+32
1.102000e+06  6.245494e+13  5.289545e+32
1.103000e+06  6.181763e+13  5.199891e+32
1.104000e+06  6.118352e+13  5.111297e+32
1.105000e+06  6.055261e+13  5.023754e+32
1.106000e+06  5.992489e+13  4.937257e+32
1.107000e+06  5.930036e+13  4.851796e+32
1.108000e+06  5.867903e+13  4.767365e+32
1.109000e+06  5.806087e+13  4.683957e+32
1.110000e+06  5.744590e+13  4.601563e+32
1.111000e+06  5.683412e+13  4.520177e+32
1.112000e+06  5.622551e+13  4.439791e+32
1.113000e+06  5.562007e+13  4.360398e+32
1.114000e+06  5.501781e+13  4.281991e+32
1.115000e+06  5.441872e+13  4.204562e+32
1.116000e+06  5.382279e+13  4.128104e+32
1.117000e+06  5.323003e+13  4.052610e+32
1.118000e+06  5.264044e+13  3.978073e+32
1.119000e+06  5.205400e+13  3.904486e+32
1.120000e+06  5.147072e+13  3.831840e+32
1.121000e+06  5.089060e+13  3.760130e+32
1.122000e+06  5.031363e+13  3.689348e+32
1.123000e+06  4.973980e+13  3.619487e+32
1.124000e+06  4.916913e+13  3.550540e+32
1.125000e+06  4.860160e+13  3.482501e+32
1.126000e+06  4.803721e+13  3.415361e+32
1.127000e+06  4.747596e+13  3.349114e+32
1.128000e+06  4.691785e+13  3.283753e+32
1.129000e+06  4.636287e+13  3.219271e+32
1.130000e+06  4.581103e+13  3.155661e+32
1.131000e+06  4.526232e+13  3.092917e+32
1.132000e+06  4.471673e+13  3.031031e+32
1.133000e+06  4.417427e+13  2.969996e+32
1.134000e+06  4.363493e+13  2.909807e+32
1.135000e+06  4.309872e+13  2.850455e+32
1.136000e+06  4.256562e+13  2.791934e+32
1.137000e+06  4.203564e+13  2.734238e+32
1.138000e+06  4.150877e+13  2.677360e+32
1.139000e+06  4.098501e+13  2.621292e+32
1.140000e+06  4.046437e+13  2.566029e+32
1.141000e+06  3.994683e+13  2.511564e+32
1.142000e+06  3.943240e+13  2.457889e+32
1.143000e+06  3.892107e+13  2.404999e+32
1.144000e+06  3.841284e+13  2.352887e+32
1.145000e+06  3.790772e+13  2.301546e+32
1.146000e+06  3.740569e+13  2.250970e+32
1.147000e+06  3.690675e+13  2.201152e+32
1.148000e+06  3.641091e+13  2.152086e+32
1.149000e+06  3.591817e+13  2.103765e+32
1.150000e+06  3.542851e+13  2.056183e+32
1.151000e+06  3.494194e+13  2.009333e+32
1.152000e+06  3.445846e+13  1.963210e+32
1.153000e+06  3.397806e+13  1.917806e+32
1.154000e+06  3.350075e+13  1.873115e+32
1.155000e+06  3.302652e+13  1.829132e+32
1.156000e+06  3.255537e+13  1.785849e+32
1.157000e+06  3.208730e+13  1.743261e+32
1.158000e+06  3.162231e+13  1.701360e+32
1.159000e+06  3.116040e+13  1.660142e+32
1.160000e+06  3.070156e+13  1.619600e+32
1.161000e+06  3.024580e+13  1.579727e+32
1.162000e+06  2.979311e+13  1.540517e+32
1.163000e+06  2.934349e+13  1.501965e+32
1.164000e+06  2.889694e+13  1.464064e+32
1.165000e+06  2.845347e+13  1.426808e+32
1.166000e+06  2.801306e+13  1.390192e+32
1.167000e+06  2.757573e+13  1.354208e+32
1.168000e+06  2.714146e+13  1.318851e+32
1.169000e+06  2.671026e+13  1.284115e+32
1.170000e+06  2.628213e+13  1.249994e+32
1.171000e+06  2.585707e+13  1.216482e+32
1.172000e+06  2.543507e+13  1.183573e+32
1.173000e+06  2.501614e+13  1.151262e+32
1.174000e+06  2.460027e+13  1.119542e+32
1.175000e+06  2.418748e+13  1.088407e+32
1.176000e+06  2.377775e+13  1.057852e+32
1.177000e+06  2.337108e+13  1.027870e+32
1.178000e+06  2.296749e+13  9.984572e+31
1.179000e+06  2.256696e+13  9.696063e+31
1.180000e+06  2.216950e+13  9.413118e+31
1.181000e+06  2.177511e+13  9.135681e+31
1.182000e+06  2.138379e+13  8.863695e+31
1.183000e+06  2.099554e+13  8.597103e+31
1.184000e+06  2.061037e+13  8.335848e+31
1.185000e+06  2.022826e+13  8.079873e+31
1.186000e+06  1.984923e+13  7.829123e+31
1.187000e+06  1.947328e+13  7.583542e+31
1.188000e+06  1.910040e+13  7.343073e+31
1.189000e+06  1.873061e+13  7.107661e+31
1.190000e+06  1.836389e+13  6.877251e+31
1.191000e+06  1.800026e+13  6.651787e+31
1.192000e+06  1.763972e+13  6.431215e+31
1.193000e+06  1.728226e+13  6.215479e+31
1.194000e+06  1.692790e+13  6.004525e+31
1.195000e+06  1.657663e+13  5.798298e+31
1.196000e+06  1.622845e+13  5.596745e+31
1.197000e+06  1.588338e+13  5.399811e+31
1.198000e+06  1.554141e+13  5.207442e+31
1.199000e+06  1.520255e+13  5.019585e+31
1.200000e+06  1.486680e+13  4.836186e+31
1.201000e+06  1.453417e+13  4.657192e+31
1.202000e+06  1.420466e+13  4.482549e+31
1.203000e+06  1.387827e+13  4.312205e+31
1.204000e+06  1.355502e+13  4.146107e+31
1.205000e+06  1.323490e+13  3.984202e+31
1.206000e+06  1.291792e+13  3.826437e+31
1.207000e+06  1.260409e+13  3.672761e+31
1.208000e+06  1.229341e+13  3.523121e+31
1.209000e+06  1.198589e+13  3.377465e+31
1.210000e+06  1.168154e+13  3.235741e+31
1.211000e+06  1.138036e+13  3.097898e+31
1.212000e+06  1.108237e+13  2.963884e+31
1.213000e+06  1.078756e+13  2.833648e+31
1.214000e+06  1.049596e+13  2.707137e+31
1.215000e+06  1.020756e+13  2.584302e+31
1.216000e+06  9.922373e+12  2.465091e+31
1.217000e+06  9.640416e+12  2.349452e+31
1.218000e+06  9.361696e+12  2.237336e+31
1.219000e+06  9.086223e+12  2.128691e+31
1.220000e+06  8.814010e+12  2.023467e+31
1.221000e+06  8.545067e+12  1.921614e+31
1.222000e+06  8.279408e+12  1.823080e+31
1.223000e+06  8.017045e+12  1.727816e+31
1.224000e+06  7.757992e+12  1.635771e+31
1.225000e+06  7.502265e+12  1.546895e+31
1.226000e+06  7.249878e+12  1.461139e+31
1.227000e+06  7.000848e+12  1.378451e+31
1.228000e+06  6.755191e+12  1.298782e+31
1.229000e+06  6.512925e+12  1.222082e+31
1.230000e+06  6.274069e+12  1.148301e+31
1.231000e+06  6.038643e+12  1.077389e+31
1.232000e+06  5.806668e+12  1.009296e+31
1.233000e+06  5.578165e+12  9.439722e+30
1.234000e+06  5.353158e+12  8.813675e+30
1.235000e+06  5.131671e+12  8.214320e+30
1.236000e+06  4.913730e+12  7.641157e+30
1.237000e+06  4.699363e+12  7.093685e+30
1.238000e+06  4.488597e+12  6.571402e+30
1.239000e+06  4.281465e+12  6.073806e+30
1.240000e+06  4.077998e+12  5.600394e+30
1.241000e+06  3.878230e+12  5.150661e+30
1.242000e+06  3.682199e+12  4.724100e+30
1.243000e+06  3.489944e+12  4.320205e+30
1.244000e+06  3.301505e+12  3.938464e+30
1.245000e+06  3.116928e+12  3.578367e+30
1.246000e+06  2.936259e+12  3.239398e+30
1.247000e+06  2.759551e+12  2.921040e+30
1.248000e+06  2.586856e+12  2.622773e+30
1.249000e+06  2.418234e+12  2.344072e+30
1.250000e+06  2.253749e+12  2.084408e+30
1.251000e+06  2.093468e+12  1.843249e+30
1.252000e+06  1.937466e+12  1.620058e+30
1.253000e+06  1.785824e+12  1.414289e+30
1.254000e+06  1.638631e+12  1.225393e+30
1.255000e+06  1.495982e+12  1.052812e+30
1.256000e+06  1.357986e+12  8.959813e+29
1.257000e+06  1.224759e+12  7.543246e+29
1.258000e+06  1.096435e+12  6.272566e+29
1.259000e+06  9.731610e+11  5.141796e+29
1.260000e+06  8.551040e+11  4.144816e+29
1.261000e+06  7.424551e+11  3.275347e+29
1.262000e+06  6.354345e+11  2.526921e+29
1.263000e+06  5.342997e+11  1.892845e+29
1.264000e+06  4.393565e+11  1.366162e+29
1.265000e+06  3.509758e+11  9.395838e+28
1.266000e+06  2.696188e+11  6.054207e+28
1.267000e+06  1.958798e+11  3.554593e+28
1.268000e+06  1.305630e+11  1.807897e+28
1.269000e+06  7.484113e+10  7.151122e+27
1.270000e+06  3.066563e+10  1.616442e+27
1.271000e+06  2.515910e+09  2.503987e+25
1.272000e+06  nan  nan
